 0.00000000e+00  4.00000000e+00  4.05263158e+00  4.10526316e+00  4.15789474e+00  4.21052632e+00  4.26315789e+00  4.31578947e+00  4.36842105e+00  4.42105263e+00  4.47368421e+00  4.52631579e+00  4.57894737e+00  4.63157895e+00  4.68421053e+00  4.73684211e+00  4.78947368e+00  4.84210526e+00  4.89473684e+00  4.94736842e+00  5.00000000e+00
-1.60000000e+01  1.96603422e-01  1.17217163e-01  6.16672146e-01  7.20144533e-01  9.65822052e-01  6.22129317e-01  3.48609255e-01  1.63196980e-01  1.18680717e-01  4.15359907e-02  1.33259636e-01  1.20000084e-02  8.52676458e-02  1.00030750e-02  5.63619966e-02  2.56197238e-02  1.25976711e-01  8.23236032e+01  4.16094900e+01  2.92299110e+01
-1.55263158e+01  2.56725580e-01  4.55356180e-02  5.03817262e-01  6.41677083e-01  1.05177447e+00  5.98754653e-01  3.91615086e-01  2.03819434e-01  1.40318312e-01  3.60710680e-02  1.18167635e-01  1.54101118e-02  7.70077158e-02  4.12727544e-02  4.52460529e-02  4.59663176e-02  5.21709001e-02  4.08259273e+01  4.94040851e+01  2.30589684e+01
-1.50526316e+01  3.50280560e-01  1.04029505e-01  3.12984814e-01  5.83005385e-01  1.01977158e+00  6.25178442e-01  4.24467774e-01  2.33898953e-01  1.50964147e-01  5.95349502e-02  9.85023740e-02  5.17595963e-02  4.84811664e-02  9.20656758e-02  3.45564022e-02  7.02129128e-02  2.24834702e-02  5.43523370e-01  5.54559046e+01  2.23484641e+01
-1.45789474e+01  4.44224245e-01  1.12439664e-01  1.30303426e-01  5.06272254e-01  9.05025961e-01  7.25641454e-01  4.18253052e-01  2.49427694e-01  1.53357749e-01  1.04657593e-01  7.03945965e-02  8.97822041e-02  2.18334455e-02  1.13266398e-01  1.36256312e-02  6.34696534e-02  2.51234838e-02  2.87356180e-01  4.76881478e+01  2.24061611e+01
-1.41052632e+01  4.97512699e-01  1.05216667e-01  4.14715226e-02  3.76224043e-01  7.62249491e-01  8.52818062e-01  3.90880752e-01  2.58918529e-01  1.63855041e-01  1.34368854e-01  5.22888278e-02  1.06465491e-01  1.29198571e-02  1.04895166e-01  2.14010482e-02  5.05051408e-02  5.00684631e-02  5.52659509e-02  3.72692649e+01  2.57630524e+01
-1.36315789e+01  4.82834543e-01  1.38256289e-01  6.83152258e-02  2.11610569e-01  5.98916890e-01  9.05703158e-01  3.96755619e-01  2.62316243e-01  1.75501023e-01  1.43747127e-01  6.21651966e-02  1.05707344e-01  2.05167789e-02  7.24559797e-02  8.04281787e-02  3.94392744e-02  7.65140035e-02  2.56480447e-02  1.30083809e+01  3.06902566e+01
-1.31578947e+01  4.16254941e-01  2.03348862e-01  1.00615842e-01  8.33986092e-02  4.26013685e-01  8.38020459e-01  4.67429425e-01  2.45016635e-01  1.71031707e-01  1.41360013e-01  9.93272588e-02  8.46587145e-02  4.93062880e-02  3.20754494e-02  1.19675278e-01  2.00046316e-02  7.69413719e-02  3.97873702e-02  4.43804331e-01  2.87047153e+01
-1.26842105e+01  3.22836168e-01  2.47540678e-01  7.23491076e-02  4.36498774e-02  2.50740379e-01  6.90887297e-01  5.82235729e-01  2.23551194e-01  1.56087008e-01  1.33572097e-01  1.21994379e-01  6.32375168e-02  7.92559912e-02  1.56125914e-02  1.14204264e-01  1.83676054e-02  6.53996737e-02  7.53707260e-02  4.31468036e-02  2.36909475e+01
-1.22105263e+01  2.34818485e-01  2.46859759e-01  6.10891966e-02  8.47973966e-02  1.10601718e-01  4.91995562e-01  6.49152250e-01  2.24784536e-01  1.39625441e-01  1.19709362e-01  1.20796679e-01  6.82800353e-02  9.32099503e-02  1.72974795e-02  7.65797455e-02  6.77107145e-02  5.05502971e-02  1.00674266e-01  4.21950455e-02  9.13971133e+00
-1.17368421e+01  1.77285796e-01  2.16368097e-01  8.98339863e-02  1.09963633e-01  5.10423507e-02  2.88303633e-01  6.01861214e-01  2.77295539e-01  1.33291325e-01  9.56585315e-02  1.06435479e-01  9.21679451e-02  7.94137381e-02  3.59923070e-02  3.38808469e-02  1.08526130e-01  3.01942733e-02  1.01173960e-01  7.92593919e-02  2.22066368e-01
-1.12631579e+01  1.67959811e-01  1.90984187e-01  1.24406196e-01  8.13660669e-02  7.22700682e-02  1.27949013e-01  4.61506783e-01  3.56321429e-01  1.46222793e-01  1.01776010e-01  8.19974481e-02  9.40003946e-02  6.29427266e-02  6.22092859e-02  1.66039929e-02  9.98653011e-02  2.95943064e-02  8.60040693e-02  1.20505154e-01  5.95918901e-02
-1.07894737e+01  2.18720845e-01  1.87553843e-01  1.78981695e-01  7.14274643e-02  1.18709361e-01  5.46196553e-02  2.83853286e-01  3.85893613e-01  1.76019569e-01  2.30475863e-01  7.81330805e-02  7.36184462e-02  6.52907459e-02  7.20644675e-02  1.70059637e-02  5.69871612e-02  7.00267485e-02  6.11629187e-02  1.33633108e-01  8.91266852e-02
-1.03157895e+01  3.05687883e-01  2.18839774e-01  2.75405158e-01  1.40001575e-01  1.31359664e-01  6.59747147e-02  1.31321699e-01  3.27230816e-01  2.15473734e-01  5.02117287e-01  2.34080910e-01  6.17073500e-02  6.42512192e-02  5.71473582e-02  3.08062576e-02  1.98457231e-02  8.71119114e-02  3.74001103e-02  1.16248824e-01  1.33267568e-01
-9.84210526e+00  3.88750788e-01  2.96821663e-01  4.01407405e-01  3.63311826e-01  1.46722425e-01  1.14040087e-01  5.49739136e-02  2.10948843e-01  2.40563066e-01  7.63376226e-01  7.95521801e-01  1.77579767e-01  4.24952218e-02  4.30665383e-02  4.47067847e-02  8.85312837e-03  5.93425219e-02  4.46834238e-02  8.27841098e-02  1.46001636e-01
-9.36842105e+00  4.01721303e-01  4.00411940e-01  5.52665806e-01  7.19478880e-01  3.33990057e-01  1.70164774e-01  6.01600798e-02  1.03877618e-01  2.24384387e-01  8.81812063e-01  1.65818354e+00  7.09321579e-01  1.22137750e-01  3.07335598e-02  3.81574197e-02  1.31085681e-02  1.90065896e-02  6.08474217e-02  4.95777626e-02  1.22567772e-01
-8.89473684e+00  3.36948032e-01  4.92587712e-01  7.24156182e-01  1.09767134e+00  8.04811523e-01  3.08982914e-01  1.22340581e-01  5.52187415e-02  1.67091861e-01  8.43435364e-01  2.34963645e+00  1.66840381e+00  5.38588508e-01  7.67803253e-02  2.39803983e-02  2.33408334e-02  3.97720869e-03  4.06204918e-02  3.63334160e-02  8.25456861e-02
-8.42105263e+00  2.42821317e-01  5.21186929e-01  8.95674303e-01  1.44677324e+00  1.33176155e+00  7.05345680e-01  2.66359850e-01  7.88322012e-02  1.12440336e-01  7.37837892e-01  2.62333844e+00  2.47234184e+00  1.24395824e+00  3.91045631e-01  5.80350849e-02  2.80084996e-02  6.04330696e-03  1.08397614e-02  3.49215296e-02  4.48130777e-02
-7.94736842e+00  1.74382878e-01  4.67971052e-01  1.02833695e+00  1.78473648e+00  1.72157345e+00  1.20399812e+00  5.92980923e-01  2.04502721e-01  1.08290911e-01  6.12371275e-01  2.50072000e+00  2.86058477e+00  1.79051120e+00  8.73947742e-01  2.89041004e-01  7.17012651e-02  2.50591836e-02  4.24562076e-03  1.90763857e-02  2.42589359e-02
-7.47368421e+00  1.48825268e-01  3.73323380e-01  1.06669255e+00  2.10760440e+00  2.05400606e+00  1.48813483e+00  9.89355420e-01  4.98311699e-01  1.96682648e-01  4.87568447e-01  2.13796255e+00  2.90063093e+00  2.06036412e+00  1.18311355e+00  6.13074440e-01  2.40932571e-01  9.06428230e-02  2.86735480e-02  1.23443394e-02  1.79299430e-02
-7.00000000e+00  1.64762234e-01  2.89129178e-01  9.86269712e-01  2.37706421e+00  2.40672130e+00  1.68829346e+00  1.17030068e+00  8.07893076e-01  4.38598587e-01  4.06587668e-01  1.64524433e+00  2.67905752e+00  2.12984491e+00  1.35049263e+00  7.96432674e-01  4.56549527e-01  2.31417589e-01  1.09966971e-01  4.68977772e-02  2.55899757e-02