   0.0000000000000000        4.0000000000000000        4.0526315789473681        4.1052631578947372        4.1578947368421053        4.2105263157894735        4.2631578947368425        4.3157894736842106        4.3684210526315788        4.4210526315789469        4.4736842105263159        4.5263157894736841        4.5789473684210531        4.6315789473684212        4.6842105263157894        4.7368421052631575        4.7894736842105265        4.8421052631578947        4.8947368421052628        4.9473684210526319        5.0000000000000000     
  -16.000000000000000        9.8720876395197027E-002   9.9096859625343064E-002   9.9145761845006411E-002   9.9158353753843076E-002   9.9599170200328907E-002  0.12476821487274171       0.19155275072908817       0.19804200486329759       0.19824566716972955       0.19829025022595906       0.19830533463511091       0.19833859916989349       0.19836394066732779       0.19840252974005884       0.19842210273135857       0.19843018066931353       0.19843424226190123       0.19843470916116754       0.19843506770148017       0.19843583554602201     
  -15.526315789473685        9.7996406445589768E-002   9.9066967472006162E-002   9.9138817656443959E-002   9.9154350944453434E-002   9.9310730643130660E-002  0.11072282560888623       0.18148841112784592       0.19766515848599026       0.19822330528563903       0.19828341435183233       0.19830083865419426       0.19832612480956568       0.19835927615647239       0.19839031484609868       0.19841837998201270       0.19842866634257225       0.19843359089243442       0.19843468764280109       0.19843486328045448       0.19843577544459401     
  -15.052631578947368        9.5960865606933676E-002   9.8992143024817472E-002   9.9125001413754479E-002   9.9151016381103421E-002   9.9209780703876260E-002  0.10365950633435261       0.16331784679461053       0.19658208688289538       0.19817532349775985       0.19827052063264783       0.19829659157409640       0.19831630013990587       0.19835443443300807       0.19837794146197649       0.19841420995747966       0.19842682626569633       0.19843254779603020       0.19843463113303808       0.19843476744672692       0.19843563406733394     
  -14.578947368421053        9.0756956085699544E-002   9.8779231578948107E-002   9.9102515723745913E-002   9.9147446634165110E-002   9.9174156070795688E-002  0.10077428286824286       0.14056051987539092       0.19357191964810228       0.19804470719251649       0.19825078153969311       0.19829219242742016       0.19830949759246336       0.19834685989403877       0.19836905670786278       0.19840823081746800       0.19842418876786566       0.19843126115325938       0.19843447395524130       0.19843472676125931       0.19843537365403910     
  -14.105263157894736        7.9887647826135832E-002   9.8162109750486795E-002   9.9063356563514449E-002   9.9141114535710506E-002   9.9160585801624498E-002   9.9720093207461905E-002  0.12086937057484774       0.18600907626735086       0.19766708206404579       0.19821962214951300       0.19828539066004222       0.19830389373544002       0.19833509421751350       0.19836266761537141       0.19839812759297057       0.19842057267103777       0.19842968570882313       0.19843407136796765       0.19843469960956756       0.19843507178736250     
  -13.631578947368421        6.3262603391456548E-002   9.6415827453621761E-002   9.8970084331066924E-002   9.9127025011260639E-002   9.9153612316046552E-002   9.9350323022992806E-002  0.10858564683291561       0.17074347985362748       0.19657893583555328       0.19815129321916214       0.19827173178632121       0.19829848620052914       0.19832254405883584       0.19835706156219271       0.19838482160779491       0.19841623351543372       0.19842767723503191       0.19843322820805362       0.19843465237798674       0.19843486367761493     
  -13.157894736842106        4.5051771163234895E-002   9.1860824142356509E-002   9.8708572243724230E-002   9.9097670010763195E-002   9.9147696171014016E-002   9.9222010971914090E-002  0.10273748670109459       0.14879735978319450       0.19355490518584792       0.19796580766822583       0.19824552858745825       0.19829235093851127       0.19831287402426412       0.19834999781369608       0.19837323897072595       0.19841033277825521       0.19842496247811758       0.19843190339091962       0.19843452749075591       0.19843476206869648     
  -12.684210526315789        2.9624260801492483E-002   8.1968692705044602E-002   9.7954621314270504E-002   9.9035647549343353E-002   9.9138393110318843E-002   9.9176605377037888E-002  0.10042636316225145       0.12720921661755527       0.18596494590502488       0.19743134937237888       0.19819362832062182       0.19828251847311854       0.19830536006280983       0.19833897024850092       0.19836490509566984       0.19840072108031673       0.19842123729260011       0.19843014831936651       0.19843419375415106       0.19843470813103570     
  -12.210526315789474        1.8517197777689870E-002   6.6030384151370677E-002   9.5843799923662529E-002   9.8879187236396451E-002   9.9117083420434501E-002   9.9157913168369152E-002   9.9594378696257466E-002  0.11213217239634160       0.17066456128897675       0.19590173666491878       0.19806647179261896       0.19826146803809402       0.19829793560186532       0.19832547424969665       0.19835796349381349       0.19838728712855833       0.19841652168700702       0.19842780519364187       0.19843341613022789       0.19843464376704897     
  -11.736842105263158        1.1225964064177729E-002   4.7723842997843331E-002   9.0476911206274532E-002   9.8437748028906022E-002   9.9066005666535631E-002   9.9144970827841544E-002   9.9304200621144950E-002  0.10428506372302628       0.14870275846419403       0.19174812628007099       0.19771087532147652       0.19821398616599814       0.19828771535055442       0.19831357796924179       0.19834979779367792       0.19837450251621083       0.19840980465084904       0.19842459685151306       0.19843199053595384       0.19843449072025177     
  -11.263157894736842        6.6935475905972814E-003   3.1700584806498802E-002   7.9375204816682809E-002   9.7179495328524712E-002   9.8939325000797149E-002   9.9124808921733448E-002   9.9202232737749751E-002  0.10100669961979494       0.12713130559386443       0.18190031321071579       0.19668890793901214       0.19809937953157605       0.19826744331544724       0.19830314961170176       0.19833770127540601       0.19836476274000162       0.19839899689834511       0.19842029894506213       0.19842985539162283       0.19843408423263798     
  -10.789473684210527        3.9570726076657552E-003   1.9939267418226114E-002   6.2603387203829713E-002   9.3784409451069597E-002   9.8593830123923989E-002   9.9076220130840179E-002   9.9160442047384917E-002   9.9795554837501979E-002  0.11208494176363268       0.16395212846090096       0.19383707336365050       0.19778794804522562       0.19821820945884702       0.19829011344713626       0.19832275444286560       0.19835612710957162       0.19838475731868949       0.19841459495329636       0.19842682663186048       0.19843311531195176     
  -10.315789473684211        2.3340490611778891E-003   1.2131224842625535E-002   4.4431106047459819E-002   8.5858107428490343E-002   9.7613640033944141E-002   9.8949123268377875E-002   9.9128233566436519E-002   9.9369165772101142E-002  0.10426107801686540       0.14121975760680203       0.18661722799053360       0.19689862411268219       0.19809167369196162       0.19826500997418298       0.19830758472998597       0.19834518516706492       0.19837156174632067       0.19840575726067169       0.19842263832203563       0.19843123666899334     
  -9.8421052631578938        1.3799458190128051E-003   7.2474012817588026E-003   2.9149227838808248E-002   7.1657729414127166E-002   9.4919306058729364E-002   9.8602064894260710E-002   9.9068482099997815E-002   9.9214083009258561E-002  0.10099305633634059       0.12134517998008341       0.17181729288829703       0.19440189531899107       0.19774646241867119       0.19820261896668637       0.19828838654362843       0.19832922291431848       0.19836049587916793       0.19839223779124388       0.19841702537696326       0.19842819670286857     
  -9.3684210526315788        8.2244822477822710E-004   4.2880563611809733E-003   1.8194538216356141E-002   5.3548821798460454E-002   8.8336066952348177E-002   9.7624523452738823E-002   9.8912788197413740E-002   9.9136019934227410E-002   9.9782881625460992E-002  0.10883375579437686       0.15009062575109955       0.18796394163695096       0.19676583965861097       0.19803415944693545       0.19825032598975295       0.19830827252557423       0.19834805393857055       0.19837673302123743       0.19840865520192566       0.19842370514382801     
  -8.8947368421052637        4.9854065361242342E-004   2.5281048808700260E-003   1.1021318893612565E-002   3.6427253303353981E-002   7.5625952369438504E-002   9.4942440551287255E-002   9.8481395750195433E-002   9.9038294471974486E-002   9.9345715724060313E-002  0.10283049797838330       0.12827361858039585       0.17427358594088402       0.19402905870426596       0.19756437244401687       0.19815242790451651       0.19827643350782798       0.19832885275340859       0.19836198681816458       0.19839508922189325       0.19841733819482568     
  -8.4210526315789487        3.1093179165051540E-004   1.4937886070222612E-003   6.5682824785616789E-003   2.3247043002639932E-002   5.8024462229339387E-002   8.8386064579225321E-002   9.7269738285373719E-002   9.8803086864169609E-002   9.9152266438019970E-002  0.10043783530703880       0.11275687997826643       0.15317801986504545       0.18706037862110275       0.19623306929870957       0.19787990311811177       0.19820642353552448       0.19829664034849839       0.19834397100914075       0.19837668827023200       0.19840734564308082     
  -7.9473684210526319        2.0327088425558523E-004   8.8842618704262531E-004   3.8817558954079004E-003   1.4265774108908386E-002   4.0270167005323002E-002   7.5709026212357422E-002   9.4003242206706014E-002   9.8151198839145082E-002   9.8959383514203858E-002   9.9546010386261971E-002  0.10454975433946240       0.13090624112929705       0.17260979584595743       0.19258639918789999       0.19710772109651853       0.19801775589784826       0.19823295062670912       0.19831168338719957       0.19835387895722709       0.19838953758805727     
  -7.4736842105263150        1.4267761290613247E-004   5.3619961006040487E-004   2.2879109856963008E-003   8.5636470667428827E-003   2.6031459241561229E-002   5.8121835203967055E-002   8.6319234189308591E-002   9.6339564915008891E-002   9.8528969427537125E-002   9.9142529327803028E-002  0.10105903468614130       0.11435583868611821       0.15105726487433982       0.18372106704223246       0.19494023711455238       0.19748214616538035       0.19807249685982325       0.19824220435825227       0.19831532175829603       0.19835879565568301     
  -7.0000000000000000        1.0939048874855962E-004   3.3178030264874921E-004   1.3524767669535450E-003   5.0779717299710694E-003   1.6102808516162751E-002   4.0355906899195909E-002   7.2369340369109747E-002   9.1653889670555502E-002   9.7352426651340723E-002   9.8728271623634109E-002   9.9680587535947773E-002  0.10525741039021087       0.12906299762122433       0.16683908195945402       0.18925924921472007       0.19596429438912719       0.19762170873669235       0.19806968450654464       0.19822600486140343       0.19830005195151951     
