 0.00000000e+00  4.00000000e+00  4.05263158e+00  4.10526316e+00  4.15789474e+00  4.21052632e+00  4.26315789e+00  4.31578947e+00  4.36842105e+00  4.42105263e+00  4.47368421e+00  4.52631579e+00  4.57894737e+00  4.63157895e+00  4.68421053e+00  4.73684211e+00  4.78947368e+00  4.84210526e+00  4.89473684e+00  4.94736842e+00  5.00000000e+00
-1.60000000e+01  6.89192411e+02  1.76805766e+03  2.27852496e+03  1.18683949e+03  1.37195244e+03  2.27852496e+03  1.97109122e+03  4.00210966e+02  2.24130374e+02  3.10550059e+02  3.58986969e+02  3.46211841e+02  4.30291253e+02  8.12589572e+01  1.23469409e+01  1.68281818e+00  6.93747956e-02  2.06412187e-03  1.11483424e-03  1.11483424e-03
-1.55263158e+01  6.64666392e+02  1.37195244e+03  2.54017766e+03  1.42257713e+03  1.06458830e+03  2.11924056e+03  2.04382398e+03  7.40992854e+02  2.32400727e+02  2.88840497e+02  3.58986969e+02  3.22009277e+02  3.72233496e+02  1.56003035e+02  1.83934758e+01  2.89793539e+00  1.91351199e-01  5.29530858e-03  1.00000000e-03  1.24285539e-03
-1.50526316e+01  7.40992854e+02  1.27604363e+03  2.36260195e+03  1.76805766e+03  1.10387133e+03  1.97109122e+03  1.97109122e+03  1.18683949e+03  2.68648580e+02  2.59088289e+02  3.58986969e+02  3.33891336e+02  3.46211841e+02  2.40976254e+02  2.45786452e+01  5.17460218e+00  4.56576538e-01  1.40858798e-02  1.00000000e-03  1.24285539e-03
-1.45789474e+01  8.26084209e+02  9.90166330e+02  1.83329853e+03  2.11924056e+03  1.18683949e+03  1.42257713e+03  1.97109122e+03  1.52949956e+03  3.22009277e+02  2.59088289e+02  3.46211841e+02  3.46211841e+02  2.99498637e+02  2.68648580e+02  3.93673253e+01  8.91104156e+00  9.77205030e-01  4.82874252e-02  2.06412187e-03  1.11483424e-03
-1.41052632e+01  9.90166330e+02  8.56566504e+02  1.64445839e+03  2.36260195e+03  1.42257713e+03  1.32312931e+03  1.76805766e+03  1.64445839e+03  5.15758450e+02  2.68648580e+02  3.22009277e+02  3.46211841e+02  2.99498637e+02  2.88840497e+02  7.55784030e+01  1.42727099e+01  2.16867545e+00  1.33187516e-01  4.92513047e-03  1.00000000e-03
-1.36315789e+01  1.32312931e+03  9.20946965e+02  1.18683949e+03  2.27852496e+03  1.83329853e+03  1.27604363e+03  1.64445839e+03  1.64445839e+03  8.26084209e+02  2.88840497e+02  2.78561644e+02  3.58986969e+02  3.22009277e+02  2.68648580e+02  1.25519860e+02  1.97759493e+01  4.16347888e+00  3.41679920e-01  1.57034211e-02  1.00000000e-03
-1.31578947e+01  1.32312931e+03  9.90166330e+02  1.02670321e+03  1.83329853e+03  2.19743999e+03  1.37195244e+03  1.37195244e+03  1.42257713e+03  1.10387133e+03  3.22009277e+02  2.68648580e+02  3.46211841e+02  3.46211841e+02  2.59088289e+02  1.80335037e+02  2.94606126e+01  7.70870457e+00  8.76547375e-01  4.82874252e-02  2.06412187e-03
-1.26842105e+01  1.47506986e+03  1.23063356e+03  9.90166330e+02  1.37195244e+03  2.19743999e+03  1.64445839e+03  1.14460390e+03  1.27604363e+03  1.27604363e+03  4.46168890e+02  2.78561644e+02  3.10550059e+02  3.58986969e+02  2.59088289e+02  2.01043675e+02  4.89278925e+01  1.32749503e+01  2.09149965e+00  1.19468447e-01  7.33706176e-03
-1.22105263e+01  1.32312931e+03  1.70513849e+03  1.02670321e+03  1.23063356e+03  1.76805766e+03  1.90094677e+03  1.14460390e+03  1.18683949e+03  1.18683949e+03  6.64666392e+02  2.99498637e+02  2.99498637e+02  3.33891336e+02  2.99498637e+02  1.93889213e+02  8.12589572e+01  1.90721903e+01  4.64158883e+00  3.94972195e-01  1.57034211e-02
-1.17368421e+01  1.10387133e+03  1.76805766e+03  1.37195244e+03  1.06458830e+03  1.47506986e+03  1.97109122e+03  1.27604363e+03  1.14460390e+03  1.27604363e+03  9.20946965e+02  3.72233496e+02  2.88840497e+02  3.33891336e+02  3.22009277e+02  2.08462135e+02  1.16745168e+02  2.64260026e+01  8.91104156e+00  1.08942163e+00  4.82874252e-02
-1.12631579e+01  8.88173588e+02  1.76805766e+03  1.83329853e+03  1.06458830e+03  9.90166330e+02  1.70513849e+03  1.58593770e+03  9.90166330e+02  1.23063356e+03  1.18683949e+03  5.15758450e+02  2.99498637e+02  2.88840497e+02  3.22009277e+02  2.32400727e+02  1.30151511e+02  4.08199694e+01  1.47993692e+01  2.79480770e+00  2.21196502e-01
-1.07894737e+01  5.54523410e+02  1.58593770e+03  2.36260195e+03  1.18683949e+03  9.54929671e+02  1.42257713e+03  1.47506986e+03  1.18683949e+03  1.23063356e+03  1.64445839e+03  8.56566504e+02  3.46211841e+02  2.78561644e+02  3.33891336e+02  2.68648580e+02  1.50451416e+02  6.77933993e+01  2.05056767e+01  6.43128222e+00  7.05268996e-01
-1.03157895e+01  3.46211841e+02  1.37195244e+03  3.64948648e+03  2.27852496e+03  9.54929671e+02  1.10387133e+03  1.58593770e+03  1.32312931e+03  1.23063356e+03  2.04382398e+03  1.52949956e+03  5.15758450e+02  2.99498637e+02  3.22009277e+02  2.88840497e+02  1.67728391e+02  8.73664679e+01  2.84122094e+01  1.23469409e+01  2.09149965e+00
-9.84210526e+00  1.50451416e+02  1.14460390e+03  3.92378582e+03  5.05664728e+03  1.42257713e+03  8.88173588e+02  1.14460390e+03  1.37195244e+03  1.27604363e+03  2.73110014e+03  3.78415160e+03  1.23063356e+03  4.30291253e+02  3.33891336e+02  2.99498637e+02  2.01043675e+02  1.04719754e+02  3.93673253e+01  1.83934758e+01  5.36554367e+00
-9.36842105e+00  7.02949583e+01  5.96201987e+02  3.92378582e+03  1.12220327e+04  3.64948648e+03  1.14460390e+03  9.20946965e+02  1.27604363e+03  1.32312931e+03  2.93637257e+03  1.00660998e+04  4.21870179e+03  9.90166330e+02  4.00210966e+02  3.10550059e+02  2.32400727e+02  1.16745168e+02  5.86462630e+01  2.45786452e+01  1.03009087e+01
-8.89473684e+00  3.40556239e+01  3.10550059e+02  2.83187704e+03  1.67176784e+04  1.55489989e+04  2.27852496e+03  9.90166330e+02  1.02670321e+03  1.42257713e+03  3.15707350e+03  2.40183757e+04  2.77645540e+04  3.64948648e+03  8.56566504e+02  3.85968816e+02  2.59088289e+02  1.45097361e+02  7.28888242e+01  3.28436998e+01  1.64988436e+01
-8.42105263e+00  1.83934758e+01  1.45097361e+02  1.97109122e+03  2.77645540e+04  6.86925868e+04  1.08226787e+04  1.76805766e+03  9.90166330e+02  1.42257713e+03  3.15707350e+03  3.09528755e+04  1.27184711e+05  3.32793270e+04  3.92378582e+03  7.96686675e+02  4.00210966e+02  2.24130374e+02  8.73664679e+01  4.38880423e+01  2.37039746e+01
-7.94736842e+00  1.64988436e+01  6.53808622e+01  1.02670321e+03  2.98513677e+04  1.89469514e+05  6.86925868e+04  8.09917214e+03  1.76805766e+03  1.37195244e+03  3.51961365e+03  3.32793270e+04  4.35998483e+05  2.35483208e+05  3.32793270e+04  3.78415160e+03  9.54929671e+02  3.58986969e+02  1.56003035e+02  6.30541792e+01  3.53122677e+01
-7.47368421e+00  1.97759493e+01  3.79663758e+01  5.54523410e+02  2.15443469e+04  3.03471080e+05  4.05519222e+05  6.16168611e+04  6.28468134e+03  2.19743999e+03  3.27356870e+03  3.32793270e+04  6.49515341e+05  9.67595519e+05  2.35483208e+05  2.67765077e+04  4.06857251e+03  9.90166330e+02  3.72233496e+02  1.25519860e+02  5.65592415e+01
-7.00000000e+00  2.74011153e+01  2.94606126e+01  2.24130374e+02  1.08226787e+04  3.91088169e+05  8.99954007e+05  3.77170668e+05  4.95768546e+04  7.00637797e+03  4.87669836e+03  3.09528755e+04  5.41883066e+05  1.99723508e+06  9.67595519e+05  2.03710247e+05  2.98513677e+04  4.70315322e+03  1.27604363e+03  3.58986969e+02  1.21053034e+02