   0.0000000000000000        4.0000000000000000        4.0526315789473681        4.1052631578947372        4.1578947368421053        4.2105263157894735        4.2631578947368425        4.3157894736842106        4.3684210526315788        4.4210526315789469        4.4736842105263159        4.5263157894736841        4.5789473684210531        4.6315789473684212        4.6842105263157894        4.7368421052631575        4.7894736842105265        4.8421052631578947        4.8947368421052628        4.9473684210526319        5.0000000000000000     
  -16.000000000000000        16.935099142569797        36.109306243241164        79.271779653899088        151.62496814078605        338.09210044214808        490.91461916090077        537.73904035323903        255.89413731275698        244.05161873256696        330.28774840550312        376.07531496484586        418.40112454386679        368.58292649272283        114.23769863608400        32.681406236709627        6.5033676988790079       0.32758888279371984        1.0619032879666554E-002   4.7376588144837183E-004   3.1386087710668868E-005
  -15.526315789473685        19.240740073025822        35.550714562612043        79.863487280352643        150.91698540391855        298.60455529323087        491.11755553006088        554.83351272975540        371.18540181815069        244.59273620292802        334.62843917248227        395.45892645874557        426.18814060990724        379.70359833860624        189.09782313428821        44.595874937311869        11.826287255255679       0.88401608714192093        3.1532654540415150E-002   1.3982957448392158E-003   9.3046644853045694E-005
  -15.052631578947368        21.693815067251123        36.434850089524168        80.673082159786588        150.86371589899349        274.79083625898994        486.42218333870022        565.70846897069976        493.38224430626116        257.51998734924888        335.68295996359478        410.08555081558131        436.43857239885585        390.52784976524202        263.13194227962720        58.430500606464463        19.300899009617204        2.2039360253880638        9.3227369203431734E-002   4.1450043076493390E-003   2.7428647307132717E-004
  -14.578947368421053        24.657233552117578        39.103660551957688        81.297189263711417        151.34287142771447        266.04272997273586        472.60840879291356        574.64684968407914        572.35593753016781        299.38565839582327        335.96448881732016        421.07589706320096        451.53923051628834        409.62337152772011        308.48276572158130        83.745698280486067        30.450905736512297        5.0865900498254133       0.27224753693899467        1.2312564374834667E-002   8.0177737647682838E-004
  -14.105263157894736        27.480041046563787        43.150866776681227        81.842579903702955        152.70801006436324        263.44229454397828        449.08552554178533        581.31593339520157        612.44318717021815        387.96898356833424        339.29336369374431        428.61791840265568        471.05444168590913        440.53621203877907        331.15789892238161        132.12811615547892        44.335454092579091        10.550137170403003       0.77040714695805901        3.6572664285639739E-002   2.3359772449195577E-003
  -13.631578947368421        29.403685799096316        48.154971633900729        83.506905719579862        155.47720113957513        262.98929218185822        428.47198995318513        585.20665144784357        637.46254993860725        510.04167695138233        352.80198270301503        431.49931919898921        488.78676646825971        474.23081960550246        347.95751111094825        196.69714730650151        58.563280786756913        19.009678407253766        2.0460625987134979       0.10835391752328695        6.8491598243695826E-003
  -13.157894736842106        30.546222908202296        54.537773797726487        87.574415300883473        159.68621775255863        263.90338700407619        419.70781696176192        586.59408360617249        659.64250874478330        613.73038858093309        390.74011710824647        432.92758497518832        502.35824243230689        501.89594633805677        373.83698419675164        248.95451797776434        77.925843235327719        31.051598400058598        4.9758098421830130       0.31837817204554492        2.0233964446777549E-002
  -12.684210526315789        31.255727753832428        61.438364619328119        94.640231853733013        164.83465520380338        266.92089153576956        417.66642862944093        587.21945336674230        679.73911797008964        683.80652739261029        471.78801342768736        440.39800864320767        512.52611151630208        525.40784839067226        418.72009669635401        279.49236762957935        112.65016024145908        46.268540330864205        10.914319191346802       0.91471203710149807        5.9974529366223668E-002
  -12.210526315789474        31.768782551074537        67.300309060790710        105.24971739351021        171.32258015440067        273.67967307074878        418.18121780985666        591.51253064326545        697.45128223335746        746.17259227854720        594.26846593034247        463.65070518417429        519.12833527808323        545.30858441269856        473.53836232046848        302.44696236070854        162.36051518228581        61.906512532146856        20.917120026289897        2.4964705269142904       0.17756206168268387     
  -11.736842105263158        32.248655723780061        71.823069333749473        120.88685144633051        181.52789078074085        285.44473957924538        421.23717786384321        599.31311310029332        717.57305667934475        815.63448554150580        728.88131737949948        519.57146114343561        527.72254872630288        561.68951250909288        518.29277684168835        336.35763385047818        207.28555272035277        80.664849125884047        35.103244394384539        6.2432728224503444       0.52167448289505014     
  -11.263157894736842        32.843574531523231        75.235893064147803        141.31287948479562        199.78713442573240        302.01039414746560        429.55919529485101        606.08506952099685        747.86919880735070        883.66949271449880        885.98079405385181        635.98506528352561        552.97003497153844        577.57150120210406        550.27209354020658        393.40911886514732        237.89136495432837        110.42235434271464        51.954178735139173        13.912119202858349        1.4989925334497765     
  -10.789473684210527        33.738385361805641        77.873867755129581        164.32317857788340        233.95388796762330        325.09299628064269        448.12603942640726        612.89777753752662        786.66616518894398        943.20976458788812        1107.1007428667976        842.52753050880744        620.22753154586485        599.55654622199631        576.16462714744489        461.49005115717347        267.14751303020461        149.49288133386452        68.933984427198297        26.824486558446910        4.0879096025392014     
  -10.315789473684211        35.210867127343050        80.197159814260615        186.43838849130097        295.59467612231776        366.28040109440161        482.58917827763025        626.18640554827994        819.52466402623190        1004.4955484934565        1374.3175552014065        1202.6520760308083        784.89844313794424        649.75642060176165        606.03545584284655        517.70897762285733        314.55473432400981        184.43829672540051        89.300953063782913        44.266888908513948        10.142593432048447     
  -9.8421052631578938        37.727122228271156        82.761503004541339        204.76411694763928        390.49650758947371        455.81097509274366        541.76660478705082        658.29840368702594        843.91250614498404        1079.9869236886750        1618.3289950719666        1839.2877680298218        1172.2910079191440        784.75489009583839        660.45679613252832        564.75071846345054        387.76358254361611        215.39208463731657        118.11606089635346        63.241720453077512        21.994606834058949     
  -9.3684210526315788        42.102013476043901        86.280210125802043        218.93006048558979        504.33984976333613        649.25742359608273        659.42522723861236        731.54576156206690        876.52464264019852        1156.6537253123604        1806.8302722609167        2745.0456331487421        2045.3000984826708        1146.6194884354213        792.83522657986282        629.45772258741431        470.41498757419720        260.60316538460791        151.09198511171221        83.184157685187429        40.405300078758927     
  -8.8947368421052637        49.787643703070991        91.756721527884523        230.48179343167513        610.75475964965437        999.93572433826535        937.30490303932402        891.31096190645610        952.40339280600153        1224.0374312350070        1964.8086425830072        3664.6676930517451        3800.3553343772760        2096.1884647158549        1152.2612853383071        774.06749691946857        563.28246582618362        340.57349717902150        186.88768044105288        109.29027769117211        62.970954481981074     
  -8.4210526315789487        63.482545994325349        100.69912152581935        241.71636096601162        694.61260347101472        1473.9742794786598        1578.5569011845864        1265.5032458860881        1146.4815053615521        1320.1258324814482        2115.3156413180650        4364.6783544671116        6472.6052144165160        4414.9662584868192        2146.7984860826000        1160.7137257498071        731.98750730297797        465.17322182155476        245.98477971869559        145.00762882267961        88.532482929091572     
  -7.9473684210526319        88.181502487425576        115.47785372374395        255.36153187759413        756.41332318178377        1950.4099391228108        2788.6259923522284        2200.2799169291952        1639.8606433173775        1551.5817522183511        2281.7658128383296        4833.9195690643573        9314.5433318157975        9142.8234780681196        4813.2833397556433        2240.5936564371809        1166.4060861383186        679.78943309585770        369.63448193125248        200.09971374161310        124.21870163051614     
  -7.4736842105263150        132.50825672646664        139.64675115298900        274.65400541219043        803.89801262227741        2336.7352930277525        4453.6723410402992        4342.9524750051223        2915.7169475523197        2179.9052872034777        2590.2210931863574        5203.4057239748809        11508.696728049475        16180.046085616905        11213.373994939862        5240.3946383423190        2387.1987540813443        1191.3153859220104        632.09570060042768        320.20956724065218        185.82688541602613     
  -7.0000000000000000        207.58992668930006        178.42198379761638        303.48833174509281        846.38955923050298        2615.6141294673080        6135.8211375244146        8196.7944252082289        6116.3851300469905        3882.5199237511415        3399.9868855748150        5684.9043270855700        12911.761444342625        23423.308343840519        23349.561789545245        13041.274919594442        5827.1707006147617        2616.6938167735784        1259.4193640518354        620.71771156757688        319.92064902761052     
