 0.00000000e+00  4.00000000e+00  4.05263158e+00  4.10526316e+00  4.15789474e+00  4.21052632e+00  4.26315789e+00  4.31578947e+00  4.36842105e+00  4.42105263e+00  4.47368421e+00  4.52631579e+00  4.57894737e+00  4.63157895e+00  4.68421053e+00  4.73684211e+00  4.78947368e+00  4.84210526e+00  4.89473684e+00  4.94736842e+00  5.00000000e+00
-1.60000000e+01  1.96470887e-01  1.20051078e-01  7.12730556e-01  9.55321102e-01  1.18864838e+00  7.50892289e-01  4.57503150e-01  2.30630077e-01  1.76245361e-01  5.63471918e-02  1.44417662e-01  1.73415917e-02  8.54069537e-02  1.09904080e-02  6.61235241e-02  3.88688258e-02  4.91298819e-02  4.86436020e+01  3.46885425e+01  2.23530028e+01
-1.55263158e+01  2.57405973e-01  5.78607387e-02  5.39262327e-01  8.38714624e-01  1.27654137e+00  7.11731647e-01  5.02726555e-01  2.72369273e-01  2.01999396e-01  6.34147518e-02  1.29945958e-01  2.72861879e-02  7.90802894e-02  4.21278016e-02  5.48477062e-02  6.94465500e-02  2.87325611e-02  9.76931149e-01  3.89950234e+01  2.00362792e+01
-1.50526316e+01  3.53280928e-01  1.22827981e-01  3.15951335e-01  7.27392607e-01  1.23814966e+00  7.32328763e-01  5.20820812e-01  3.07840302e-01  2.10451213e-01  1.00832010e-01  1.11589403e-01  6.71064340e-02  5.08803809e-02  9.34172587e-02  4.21273341e-02  8.86672109e-02  2.39873918e-02  3.13344792e-01  4.14722131e+01  1.93184238e+01
-1.45789474e+01  4.54080517e-01  1.30123909e-01  1.34279486e-01  5.80511001e-01  1.09752358e+00  8.39741699e-01  4.95032103e-01  3.26555758e-01  2.11639263e-01  1.56772925e-01  8.89571012e-02  1.05912638e-01  2.66599408e-02  1.14096754e-01  1.75523726e-02  7.97016007e-02  4.24382882e-02  4.92297998e-02  2.86383367e+01  1.86102466e+01
-1.41052632e+01  5.08130890e-01  1.11600911e-01  6.07607584e-02  3.97538956e-01  9.11026210e-01  9.77815639e-01  4.49025528e-01  3.29722387e-01  2.21126958e-01  1.86311491e-01  8.01235641e-02  1.21327189e-01  2.40286655e-02  1.07321367e-01  2.38641019e-02  6.63242481e-02  7.74584693e-02  2.30626698e-02  1.24467863e+01  2.02416428e+01
-1.36315789e+01  4.90982227e-01  1.42241476e-01  1.08044529e-01  2.11341074e-01  6.93278481e-01  1.03182130e+00  4.48245417e-01  3.16918963e-01  2.31000353e-01  1.95245783e-01  9.79907026e-02  1.24656094e-01  3.78796125e-02  7.69987734e-02  8.19307223e-02  5.33142721e-02  1.01889470e-01  3.17766407e-02  3.41432174e-01  2.29999541e+01
-1.31578947e+01  4.23344933e-01  2.08462389e-01  1.40088907e-01  9.67021681e-02  4.62481144e-01  9.50470113e-01  5.20242721e-01  2.85994626e-01  2.22252236e-01  1.88176052e-01  1.39833508e-01  1.09847669e-01  7.00069724e-02  3.97567438e-02  1.23960001e-01  3.27154512e-02  1.04254976e-01  6.82304555e-02  3.41359016e-02  1.73053948e+01
-1.26842105e+01  3.38145709e-01  2.62306549e-01  1.05124188e-01  8.30170360e-02  2.54336784e-01  7.70967177e-01  6.39453317e-01  2.51213661e-01  1.96323300e-01  1.76263351e-01  1.61460977e-01  9.13594630e-02  1.01714829e-01  2.87542266e-02  1.19642148e-01  2.90618876e-02  9.21628552e-02  1.14888094e-01  3.28366987e-02  7.92195481e+00
-1.22105263e+01  2.59674775e-01  2.71115024e-01  8.79701722e-02  1.39097761e-01  1.15506697e-01  5.30101104e-01  7.07036597e-01  2.52874081e-01  1.70282912e-01  1.59676002e-01  1.59224436e-01  1.00764287e-01  1.15727679e-01  3.46252838e-02  8.63123884e-02  7.59819288e-02  7.51704527e-02  1.40426109e-01  7.06510365e-02  4.31877329e-01
-1.17368421e+01  2.22598763e-01  2.51122400e-01  1.15373499e-01  1.64754861e-01  7.87827148e-02  2.95175327e-01  6.48131262e-01  3.02857388e-01  1.41732622e-01  1.28224967e-01  1.43258884e-01  1.23817462e-01  1.05481393e-01  5.59207621e-02  4.37778010e-02  1.17836144e-01  5.07004887e-02  1.40337760e-01  1.28448871e-01  7.56987925e-02
-1.12631579e+01  2.37439838e-01  2.25818638e-01  1.51671191e-01  1.24734445e-01  1.25139915e-01  1.31218697e-01  4.86372999e-01  3.83640334e-01  1.26152877e-01  9.45557162e-02  1.12993665e-01  1.24318703e-01  8.37663079e-02  8.31337546e-02  2.57310396e-02  1.07265631e-01  4.51975010e-02  1.18923159e-01  1.70482993e-01  8.23790657e-02
-1.07894737e+01  3.12412918e-01  2.28638424e-01  1.78444179e-01  1.04443942e-01  1.76162401e-01  7.70935094e-02  2.92613707e-01  4.10026536e-01  1.37639753e-01  9.14215163e-02  7.73055687e-02  1.02425933e-01  8.43311157e-02  8.93831402e-02  2.74818772e-02  6.36970562e-02  8.35431983e-02  8.71149321e-02  1.76121091e-01  1.39658892e-01
-1.03157895e+01  4.17745861e-01  2.67945648e-01  2.15087857e-01  1.26901902e-01  1.74287911e-01  1.08293753e-01  1.39311612e-01  3.41140941e-01  1.74151962e-01  1.33723299e-01  6.89103201e-02  6.71626759e-02  8.36992132e-02  6.88641888e-02  4.32799164e-02  2.49143269e-02  9.76648039e-02  5.66700637e-02  1.47041684e-01  1.79212096e-01
-9.84210526e+00  4.90006400e-01  3.53686485e-01  2.75599171e-01  1.92461301e-01  1.46380649e-01  1.60212117e-01  7.73826981e-02  2.18770512e-01  2.08294632e-01  1.92854755e-01  1.91158465e-01  5.03218013e-02  5.55601353e-02  5.13588858e-02  5.37424078e-02  1.38940040e-02  6.41750588e-02  5.79356387e-02  1.02514742e-01  1.78296557e-01
-9.36842105e+00  4.65582331e-01  4.60062910e-01  3.68697249e-01  3.28590056e-01  1.81500358e-01  1.86844125e-01  9.88994111e-02  1.16527482e-01  1.89718223e-01  2.28305831e-01  5.00331130e-01  1.72457886e-01  3.28234098e-02  4.22674865e-02  4.07331342e-02  1.81964857e-02  2.22357569e-02  6.86251431e-02  6.20282802e-02  1.40752321e-01
-8.89473684e+00  3.53976136e-01  5.33315396e-01  4.92041369e-01  5.18103108e-01  3.55376619e-01  2.02538677e-01  1.47028913e-01  7.88534060e-02  1.35000885e-01  2.31710932e-01  8.46915387e-01  6.44233658e-01  1.31984587e-01  2.23136650e-02  2.19608709e-02  2.33517317e-02  5.52609241e-03  4.45942155e-02  4.35679272e-02  8.90611072e-02
-8.42105263e+00  2.39592183e-01  5.30249548e-01  6.21101165e-01  7.36523692e-01  6.85574837e-01  3.43842696e-01  2.00423271e-01  1.03936519e-01  9.37050895e-02  2.11861006e-01  1.02405840e+00  1.37911135e+00  5.71976716e-01  1.02089749e-01  1.66010386e-02  1.98639542e-02  6.44765849e-03  1.15333478e-02  3.91161082e-02  4.64218608e-02
-7.94736842e+00  1.80328131e-01  4.48671719e-01  7.02296423e-01  9.60651355e-01  1.07862933e+00  7.16761568e-01  3.22753948e-01  1.62290032e-01  9.70278866e-02  1.95579019e-01  9.98546780e-01  1.95152750e+00  1.31206063e+00  4.76791347e-01  9.45718498e-02  2.59612295e-02  1.62250290e-02  4.74363032e-03  2.04283489e-02  2.31403964e-02
-7.47368421e+00  1.85197073e-01  3.44538190e-01  7.04535465e-01  1.15728967e+00  1.46280588e+00  1.19930468e+00  6.61931088e-01  2.99746314e-01  1.47871171e-01  1.93674651e-01  8.90928990e-01  2.17926492e+00  1.91283694e+00  1.05031279e+00  4.17004494e-01  1.17401605e-01  4.98106897e-02  1.95277896e-02  7.80758173e-03  1.75863594e-02
-7.00000000e+00  2.43526790e-01  2.75138807e-01  6.27874029e-01  1.28029313e+00  1.83078163e+00  1.62853849e+00  1.10869241e+00  6.04305599e-01  2.90430392e-01  2.31205765e-01  7.83490809e-01  2.09583798e+00  2.20236972e+00  1.48879800e+00  8.52556618e-01  4.05699299e-01  1.67380504e-01  7.41422286e-02  3.01166470e-02  1.47076718e-02