   0.0000000000000000        4.0000000000000000        4.0526315789473681        4.1052631578947372        4.1578947368421053        4.2105263157894735        4.2631578947368425        4.3157894736842106        4.3684210526315788        4.4210526315789469        4.4736842105263159        4.5263157894736841        4.5789473684210531        4.6315789473684212        4.6842105263157894        4.7368421052631575        4.7894736842105265        4.8421052631578947        4.8947368421052628        4.9473684210526319        5.0000000000000000     
  -16.000000000000000        9.8317182674599476E-002   9.8711240736297043E-002   9.8816049737657563E-002   9.8843167679517202E-002   9.9311922154394716E-002  0.12442003857129479       0.19082635719246191       0.19729092471075324       0.19752666290559609       0.19762780055622817       0.19766496739404343       0.19774814001805183       0.19781143802480980       0.19790793688183603       0.19795682933332973       0.19797701252430108       0.19798716154519502       0.19798832655638116       0.19798922420668244       0.19799114263757306     
  -15.526315789473685        9.7596698154475164E-002   9.8672529500058156E-002   9.8800408418673019E-002   9.8835638710813509E-002   9.9012827742775367E-002  0.11042270491495694       0.18083666074986962       0.19690597715297120       0.19749219189948447       0.19761190488751640       0.19765381200031226       0.19771696027401997       0.19779977424817569       0.19787741970652617       0.19794752464783646       0.19797322803985953       0.19798553528841226       0.19798827285354398       0.19798871251347450       0.19799099265620604     
  -15.052631578947368        9.5576519019756292E-002   9.8592566822540403E-002   9.8770907395342306E-002   9.8828421462206995E-002   9.8903031408024825E-002  0.10337669938243997       0.16278546410452038       0.19582044548909350       0.19743603368307072       0.19758316812053903       0.19764344758983077       0.19769239928175486       0.19778768174764202       0.19784647404297345       0.19793710447835641       0.19796863061560022       0.19798292922716490       0.19798813188068970       0.19798847250374782       0.19799063977790082     
  -14.578947368421053        9.0410821747742828E-002   9.8377178496790826E-002   9.8729573273949559E-002   9.8820732295378272E-002   9.8862023363465446E-002  0.10049163471242792       0.14014617553605255       0.19282880810166306       0.19729893853804234       0.19754412271643795       0.19763321511361195       0.19767545267666556       0.19776878256872574       0.19782424351715794       0.19792217443101004       0.19796204251622623       0.19797971380085799       0.19798773975249706       0.19798837063226940       0.19798998929305989     
  -14.105263157894736        7.9621224304492519E-002   9.7761614729339238E-002   9.8675902084719991E-002   9.8807880883684224E-002   9.8844464761676770E-002   9.9429248772139087E-002  0.12053484940860795       0.18532443890174938       0.19691450283667480       0.19749684794646424       0.19761850152862009       0.19766165985721210       0.19773942052334331       0.19780826581327340       0.19789694543417019       0.19795300703153496       0.19797577721736601       0.19798673509646028       0.19798830277417076       0.19798923444329466     
  -13.631578947368421        6.3098459681209210E-002   9.6026771850021647E-002   9.8574163971416467E-002   9.8781260705953541E-002   9.8833198234291875E-002   9.9048788191131595E-002  0.10828954555318472       0.17016577685855777       0.19582329959547767       0.19741711174532559       0.19759114708725622       0.19764879819823289       0.19770811731541543       0.19779426459768715       0.19786369072448895       0.19794216465389278       0.19797075897242034       0.19798462987374751       0.19798818493403464       0.19798871355118075     
  -13.157894736842106        4.4976153116299183E-002   9.1506149254237071E-002   9.8308840386710589E-002   9.8733298823462420E-002   9.8822436447156908E-002   9.8912692404641275E-002  0.10245207484345305       0.14834373500744605       0.19281536533819199       0.19722357375198804       0.19754575643839237       0.19763542446566970       0.19768416525931384       0.19777666336730712       0.19783472255321757       0.19792742916737394       0.19796397756677200       0.19798132027868959       0.19798787344244914       0.19798845916559366     
  -12.684210526315789        2.9608954197500051E-002   8.1687623382107444E-002   9.7556981718045346E-002   9.8653717756809547E-002   9.8806361696595776E-002   9.8861989413065843E-002  0.10013746510847761       0.12685038839518234       0.18528212397440233       0.19668300601506614       0.19747576489027546       0.19761670156724773       0.19766609750619560       0.19774923715892789       0.19781389472636951       0.19790343231143173       0.19795467150838231       0.19797693563624985       0.19798704094026928       0.19798832436066313     
  -12.210526315789474        1.8539485398206452E-002   6.5850632738413281E-002   9.5460928065829176E-002   9.8486257608017061E-002   9.8772828200947405E-002   9.8838309259927551E-002   9.9294587616538893E-002  0.11182443988456038       0.17008787250433574       0.19515388564944608       0.19733534704253386       0.19758148966294467       0.19764970085949535       0.19771583594868825       0.19779660339991800       0.19786987688481755       0.19794289345899885       0.19797108311424846       0.19798510053079513       0.19798816406095082     
  -11.736842105263158        1.1268531986074991E-002   4.7636340664405107E-002   9.0132847054111287E-002   9.8040466292723866E-002   9.8703212302063553E-002   9.8819495437287186E-002   9.8995927872080142E-002  0.10399462378820659       0.14824947466683094       0.19102506938676819       0.19697091511042228       0.19751449055268128       0.19763060699642407       0.19768707651334694       0.19777639752067017       0.19783794433814544       0.19792613080355012       0.19796307219163747       0.19798154215390487       0.19798778339354217     
  -11.263157894736842        6.7521674039895917E-003   3.1677552269041447E-002   7.9112067949039563E-002   9.6787059738812242E-002   9.8558505599739110E-002   9.8790857010998157E-002   9.8887586839837852E-002  0.10071442143014452       0.12677181952666722       0.18124886424191453       0.19594524256697582       0.19738148013069101       0.19759914783707644       0.19766397180951029       0.19774674894080624       0.19781370976986423       0.19789917605665172       0.19795234672250961       0.19797621436511556       0.19798677266333156     
  -10.789473684210527        4.0230606068761970E-003   1.9956798181447733E-002   6.2442601464068541E-002   9.3415620313471337E-002   9.8202450434616520E-002   9.8727866164221981E-002   9.8839654847736144E-002   9.9494503997962447E-002  0.11177508563424322       0.16341693251171066       0.19310476065569698       0.19705703543873529       0.19753319502211411       0.19764024836288904       0.19771106322289533       0.19779250808358290       0.19786369606548623       0.19793813661183138       0.19796866592675880       0.19798436468689953     
  -10.315789473684211        2.4037405021554172E-003   1.2170826657928213E-002   4.4357879965346472E-002   8.5548971330462992E-002   9.7221349865821136E-002   9.8581319410213877E-002   9.8799684578767755E-002   9.9059020967948275E-002  0.10396665936533986       0.14080135294464646       0.18593423647319948       0.19616134930225643       0.19738641725135417       0.19760389199923029       0.19767811904681695       0.19776632274808714       0.19783101487736904       0.19791618247902229       0.19795825525490163       0.19797970459744119     
  -9.8421052631578938        1.4534964708681759E-003   7.3010903844675443E-003   2.9135265136839061E-002   7.1444473151081503E-002   9.4543216638472108E-002   9.8218673284284005E-002   9.8727907641638205E-002   9.8896884619753683E-002  0.10069537028382608       0.12100502110416128       0.17123496609007655       0.19367176297226044       0.19702462961103576       0.19752640918338474       0.19764498693379903       0.19772984946172384       0.19780430142371519       0.19788275143498049       0.19794439104821071       0.19797220400107274     
  -9.3684210526315788        8.9972263049410217E-004   4.3525082029399025E-003   1.8217344503849122E-002   5.3434237538084239E-002   8.8008870486681948E-002   9.7236133258579299E-002   9.8554247942616816E-002   9.8810659012455379E-002   9.9476593203830926E-002  0.10852865799880361       0.14963024759887814       0.18727470201280194       0.19603569682294159       0.19733808918679593       0.19759408786610647       0.19768761546660413       0.19777606536317985       0.19784500613672512       0.19792395949487171       0.19796125886587465     
  -8.8947368421052637        5.8015098552769502E-004   2.5973805599429174E-003   1.1063836045870891E-002   3.6386463012941593E-002   7.5396608148290759E-002   9.4567923606344625E-002   9.8105071243429473E-002   9.8701230230077694E-002   9.9030657367164029E-002  0.10253150028980558       0.12790747217421780       0.17367700315524673       0.19330644939689759       0.19685014365799217       0.19748083085871959       0.19763820014912614       0.19773658389922119       0.19781116185443109       0.19789147988766356       0.19794617292916819     
  -8.4210526315789487        3.9919266552305001E-004   1.5657022945832369E-003   6.6232456495409408E-003   2.3253127911147500E-002   5.7887565445792800E-002   8.8059173449650988E-002   9.6887240217974638E-002   9.8448914404894020E-002   9.8828241939940581E-002  0.10013286353375021       0.11243988423431166       0.15270224266612251       0.18638102049021524       0.19551071593904221       0.19718878489881581       0.19755294833665324       0.19768133333740937       0.19777515439517254       0.19784966862172645       0.19792365757502078     
  -7.9473684210526319        3.0040292554135885E-004   9.6314328477408655E-004   3.9463119081354497E-003   1.4305031785561521E-002   4.0213837656761314E-002   7.5479297752328325E-002   9.3637389057557571E-002   9.7779815272544979E-002   9.8622708739875706E-002   9.9230791888238565E-002  0.10424640579547388       0.13052895572126777       0.17202537625391770       0.19187723604707718       0.19639915580921510       0.19734755082761077       0.19759725685883051       0.19772130598330370       0.19780508682540701       0.19788644409495998     
  -7.4736842105263150        2.4810535269010421E-004   6.1456642768972867E-004   2.3564973569866351E-003   8.6124887635654693E-003   2.6027661187838360E-002   5.7984282206511008E-002   8.6008412126166126E-002   9.5965208341042982E-002   9.8175238811278459E-002   9.8817684759770943E-002  0.10075150363346710       0.11403194434023800       0.15059219115991912       0.18306771733460706       0.19422828970604541       0.19679274571399058       0.19741917958598140       0.19762743636704180       0.19774573851174240       0.19783124988930428     
  -7.0000000000000000        2.1738688134815878E-004   4.1538911799162006E-004   1.4230786421417379E-003   5.1382781428881844E-003   1.6130888155391824E-002   4.0298802108658278E-002   7.2151933176518177E-002   9.1306673980240602E-002   9.6985235628876579E-002   9.8389634438947549E-002   9.9363705759496226E-002  0.10494941561881227       0.12869122071528150       0.16629088364717390       0.18857523325000669       0.19526197322616015       0.19695042354790834       0.19743298890524794       0.19763254463080382       0.19774877150128259     
