 0.00000000e+00  4.00000000e+00  4.05263158e+00  4.10526316e+00  4.15789474e+00  4.21052632e+00  4.26315789e+00  4.31578947e+00  4.36842105e+00  4.42105263e+00  4.47368421e+00  4.52631579e+00  4.57894737e+00  4.63157895e+00  4.68421053e+00  4.73684211e+00  4.78947368e+00  4.84210526e+00  4.89473684e+00  4.94736842e+00  5.00000000e+00
-1.60000000e+01  1.76805766e+03  3.78415160e+03  6.28468134e+03  3.15707350e+03  4.06857251e+03  6.28468134e+03  5.43671033e+03  1.06458830e+03  6.64666392e+02  8.56566504e+02  8.88173588e+02  9.20946965e+02  1.06458830e+03  2.08462135e+02  3.40556239e+01  4.31711018e+00  1.84541659e-01  4.92513047e-03  1.00000000e-03  1.00000000e-03
-1.55263158e+01  1.64445839e+03  3.51961365e+03  6.06103086e+03  4.37437080e+03  3.15707350e+03  5.63732355e+03  5.43671033e+03  1.97109122e+03  6.18201687e+02  7.96686675e+02  9.90166330e+02  8.56566504e+02  9.20946965e+02  4.00210966e+02  4.89278925e+01  7.70870457e+00  4.73424095e-01  1.40858798e-02  1.00000000e-03  1.24285539e-03
-1.50526316e+01  1.83329853e+03  2.73110014e+03  5.84533934e+03  5.63732355e+03  3.27356870e+03  5.43671033e+03  5.43671033e+03  3.27356870e+03  7.14623433e+02  7.14623433e+02  8.88173588e+02  9.20946965e+02  8.56566504e+02  5.96201987e+02  6.53808622e+01  1.42727099e+01  1.12962101e+00  3.74693950e-02  1.78561682e-03  1.11483424e-03
-1.45789474e+01  2.04382398e+03  2.54017766e+03  4.70315322e+03  5.84533934e+03  3.64948648e+03  4.37437080e+03  5.43671033e+03  4.06857251e+03  8.88173588e+02  6.89192411e+02  8.56566504e+02  9.54929671e+02  8.26084209e+02  7.40992854e+02  9.73991302e+01  2.45786452e+01  2.59943162e+00  1.19468447e-01  4.92513047e-03  1.00000000e-03
-1.41052632e+01  2.44978135e+03  2.11924056e+03  3.51961365e+03  5.84533934e+03  4.37437080e+03  3.64948648e+03  4.87669836e+03  3.92378582e+03  1.42257713e+03  7.14623433e+02  8.56566504e+02  9.20946965e+02  7.96686675e+02  7.14623433e+02  1.86989354e+02  3.66152813e+01  5.76882371e+00  3.29520691e-01  1.57034211e-02  1.00000000e-03
-1.36315789e+01  3.27356870e+03  2.27852496e+03  3.15707350e+03  5.63732355e+03  5.05664728e+03  3.39436254e+03  3.92378582e+03  3.92378582e+03  2.27852496e+03  7.96686675e+02  7.68335300e+02  8.88173588e+02  7.96686675e+02  6.64666392e+02  3.46211841e+02  5.26053656e+01  1.14838057e+01  9.08891748e-01  3.61359864e-02  2.30115375e-03
-1.31578947e+01  3.15707350e+03  2.44978135e+03  2.73110014e+03  3.92378582e+03  5.43671033e+03  3.78415160e+03  3.78415160e+03  3.92378582e+03  2.63390956e+03  8.56566504e+02  7.40992854e+02  9.54929671e+02  8.26084209e+02  6.41013170e+02  4.62632407e+02  7.28888242e+01  2.20469054e+01  2.41771366e+00  1.11116790e-01  4.92513047e-03
-1.26842105e+01  2.93637257e+03  3.04472397e+03  2.11924056e+03  2.93637257e+03  5.43671033e+03  4.06857251e+03  3.15707350e+03  3.51961365e+03  2.93637257e+03  1.23063356e+03  7.40992854e+02  8.56566504e+02  8.88173588e+02  7.14623433e+02  4.97404357e+02  1.21053034e+02  3.53122677e+01  5.98169182e+00  3.41679920e-01  1.57034211e-02
-1.22105263e+01  3.27356870e+03  3.27356870e+03  2.11924056e+03  2.63390956e+03  4.53578396e+03  4.70315322e+03  3.15707350e+03  3.15707350e+03  3.04472397e+03  1.76805766e+03  7.96686675e+02  8.26084209e+02  9.20946965e+02  7.14623433e+02  5.34789804e+02  2.24130374e+02  5.07333191e+01  1.28025399e+01  1.08942163e+00  4.82874252e-02
-1.17368421e+01  2.73110014e+03  4.06857251e+03  2.73110014e+03  2.27852496e+03  3.15707350e+03  4.87669836e+03  3.51961365e+03  2.63390956e+03  2.83187704e+03  2.04382398e+03  9.90166330e+02  6.89192411e+02  9.20946965e+02  8.88173588e+02  5.15758450e+02  3.22009277e+02  7.02949583e+01  2.45786452e+01  3.23071761e+00  1.77974448e-01
-1.12631579e+01  1.83329853e+03  3.92378582e+03  3.27356870e+03  2.11924056e+03  2.54017766e+03  4.21870179e+03  3.78415160e+03  2.73110014e+03  2.54017766e+03  2.44978135e+03  1.18683949e+03  7.96686675e+02  7.96686675e+02  9.20946965e+02  5.74985182e+02  3.58986969e+02  1.08583886e+02  3.93673253e+01  8.28809911e+00  6.55965893e-01
-1.07894737e+01  1.14460390e+03  2.83187704e+03  3.64948648e+03  2.63390956e+03  2.04382398e+03  3.04472397e+03  4.37437080e+03  2.83187704e+03  2.44978135e+03  2.44978135e+03  1.64445839e+03  7.96686675e+02  7.68335300e+02  7.96686675e+02  6.64666392e+02  3.72233496e+02  1.61759507e+02  5.45464900e+01  1.71076467e+01  2.16867545e+00
-1.03157895e+01  5.74985182e+02  2.36260195e+03  3.92378582e+03  3.39436254e+03  1.83329853e+03  2.27852496e+03  3.27356870e+03  3.15707350e+03  2.11924056e+03  2.54017766e+03  2.36260195e+03  1.02670321e+03  7.68335300e+02  7.96686675e+02  7.14623433e+02  4.14978648e+02  2.40976254e+02  7.55784030e+01  3.28436998e+01  5.98169182e+00
-9.84210526e+00  2.49868216e+02  1.58593770e+03  3.78415160e+03  4.53578396e+03  2.19743999e+03  1.70513849e+03  2.83187704e+03  3.27356870e+03  2.54017766e+03  3.04472397e+03  3.04472397e+03  1.58593770e+03  8.56566504e+02  7.68335300e+02  7.14623433e+02  4.97404357e+02  2.59088289e+02  1.08583886e+02  4.89278925e+01  1.37647926e+01
-9.36842105e+00  1.04719754e+02  8.26084209e+02  3.51961365e+03  5.63732355e+03  3.27356870e+03  1.90094677e+03  1.83329853e+03  3.04472397e+03  2.63390956e+03  2.63390956e+03  4.87669836e+03  3.04472397e+03  1.23063356e+03  7.96686675e+02  6.89192411e+02  5.54523410e+02  2.78561644e+02  1.39933838e+02  6.53808622e+01  2.74011153e+01
-8.89473684e+00  5.45464900e+01  4.46168890e+02  2.44978135e+03  8.39802951e+03  6.75704475e+03  2.63390956e+03  1.70513849e+03  2.27852496e+03  2.73110014e+03  3.27356870e+03  7.53298488e+03  8.39802951e+03  2.54017766e+03  1.06458830e+03  7.40992854e+02  6.64666392e+02  3.33891336e+02  1.73917525e+02  8.73664679e+01  4.38880423e+01
-8.42105263e+00  3.66152813e+01  1.86989354e+02  1.64445839e+03  7.26491151e+03  1.44620180e+04  5.84533934e+03  2.11924056e+03  1.58593770e+03  2.27852496e+03  3.27356870e+03  8.70791464e+03  2.49046476e+04  9.02923445e+03  2.11924056e+03  9.54929671e+02  6.18201687e+02  4.62632407e+02  1.93889213e+02  1.00993133e+02  6.30541792e+01
-7.94736842e+00  3.79663758e+01  9.05902681e+01  7.40992854e+02  7.00637797e+03  2.77645540e+04  1.73345564e+04  3.78415160e+03  1.76805766e+03  1.90094677e+03  3.51961365e+03  9.02923445e+03  5.14062278e+04  4.95768546e+04  8.39802951e+03  1.83329853e+03  8.56566504e+02  5.74985182e+02  2.59088289e+02  1.30151511e+02  7.55784030e+01
-7.47368421e+00  5.45464900e+01  6.53808622e+01  3.72233496e+02  3.92378582e+03  3.57806371e+04  6.62480508e+04  1.61227529e+04  3.64948648e+03  1.90094677e+03  3.15707350e+03  8.70791464e+03  6.62480508e+04  1.69953081e+05  6.16168611e+04  9.70788143e+03  2.11924056e+03  8.88173588e+02  4.30291253e+02  1.67728391e+02  9.05902681e+01
-7.00000000e+00  1.04719754e+02  5.65592415e+01  2.08462135e+02  2.19743999e+03  2.98513677e+04  1.69953081e+05  8.53749519e+04  1.29723482e+04  3.78415160e+03  3.04472397e+03  8.09917214e+03  7.12273256e+04  4.20482777e+05  3.03471080e+05  6.86925868e+04  1.00660998e+04  2.19743999e+03  8.26084209e+02  2.99498637e+02  1.39933838e+02