   0.0000000000000000        4.0000000000000000        4.0526315789473681        4.1052631578947372        4.1578947368421053        4.2105263157894735        4.2631578947368425        4.3157894736842106        4.3684210526315788        4.4210526315789469        4.4736842105263159        4.5263157894736841        4.5789473684210531        4.6315789473684212        4.6842105263157894        4.7368421052631575        4.7894736842105265        4.8421052631578947        4.8947368421052628        4.9473684210526319        5.0000000000000000     
  -16.000000000000000        42.307828870968727        90.279482884001538        198.17544560891668        379.06979611763916        845.37315129909155        1226.8902783293001        1343.6951967858438        638.83272979980200        610.11907696642379        825.66468155963150        940.03648319297008        1045.9565150390376        921.36380356998177        285.23733665456916        81.638817545134629        16.235264554989250       0.81723402118755040        2.6486720041757447E-002   1.1812496391782189E-003   7.8060815960454878E-005
  -15.526315789473685        48.057090732528117        88.868967613451943        199.65046881370611        377.29255573307444        746.68678594274934        1227.3488560943542        1385.9467540985579        926.52619277515544        611.37483609040748        836.53424302656833        988.51295942828551        1065.4068061129906        949.19750367879294        472.26124542778109        111.42471544904491        29.532993719099963        2.2056678122001445        7.8651277407394693E-002   3.4863433023685866E-003   2.3141670935777518E-004
  -15.052631578947368        54.144916545465392        91.049056469690882        201.66875402013579        377.15395901377013        687.05630920167152        1215.6159901334486        1412.0462296577286        1231.6760998571547        643.38764928659236        839.15226730120446        1025.1047180632186        1091.0037813824733        976.22866336795369        657.45337344440168        145.98014471075288        48.204121383830973        5.4998068069211428       0.23253841135250092        1.0334561225335475E-002   6.8216964972555498E-004
  -14.578947368421053        61.451282439589733        97.660930585908588        203.21615024431489        378.34149323395758        665.11009380319615        1181.1317786296413        1433.0120432789740        1427.9940465203431        747.30596007740155        839.74232865800241        1052.5711710784840        1128.7019403753413        1023.8845383096776        771.00855278288202        209.16428463401095        76.057258720518519        12.695371571719827       0.67909690912380893        3.0698290038903810E-002   1.9939962107339481E-003
  -14.105263157894736        68.302493092589486        107.64739129037497        204.53064978634569        381.72879081407683        658.57452870354450        1122.3543784498233        1448.4956883455982        1524.5422280753314        967.12519569683889        847.69941098239144        1071.3695344320422        1177.4488405805428        1101.0885155220553        827.78071989980708        329.96909807042994        110.76201932327265        26.338714315220074        1.9218835512383914        9.1184860973268084E-002   5.8090865342220873E-003
  -13.631578947368421        72.795727130257987        119.79010988442106        208.53960760083805        388.58914321260210        657.41262781579371        1070.7321720548032        1457.4834888996561        1579.2525125743405        1268.7198075911851        880.39229941939425        1078.3361973632800        1221.7279388935287        1185.3169950096728        869.75658849862737        491.35916351936032        146.32293658334012        47.470261723081890        5.1049554210281141       0.27015547362985498        1.7031300803517613E-002
  -13.157894736842106        75.301086116977729        134.80588468604401        218.28182312668892        398.95147984482287        659.62926027771914        1048.7505312950261        1460.5963173531297        1623.3463705359170        1518.4930053143264        972.14593960798356        1081.0957480048219        1255.4400058327481        1254.4394088340430        934.32164145387071        622.12132534622629        194.66701810035303        77.552145501433074        12.416864499669250       0.79381881721772773        5.0312498594749268E-002
  -12.684210526315789        76.775608292664629        150.04386750669957        234.75302796634398        411.37038084330447        666.98064984795758        1043.5501368106675        1461.9796638725779        1662.4078349259985        1669.3081250666635        1166.1011097323048        1097.3177833469924        1280.1657704247502        1313.0046695587021        1046.3148577382385        698.53652901962914        281.35467211819946        115.58006538243581        27.241899182392736        2.2807877768639693       0.14912651766984925     
  -12.210526315789474        77.843225534294788        161.45706119405293        257.97271271464194        426.25685010341118        683.33181347584195        1044.6182774228801        1472.5612173709983        1698.8391471917641        1775.5654587335407        1448.3012062711703        1148.2318768975344        1294.5425477489409        1362.0893553312619        1183.1187196031583        755.82242619295619        405.54673741184359        154.65947911441904        52.220965887819865        6.2254181404795927       0.44150332864904912     
  -11.736842105263158        78.906208751497644        169.03261119822307        288.73206086982702        447.87066871460428        711.18466707129937        1051.6259263029867        1491.7735422656888        1744.9233179038222        1877.8289070790229        1720.0078501136334        1266.8725376456534        1309.5816175127052        1400.9843552273626        1294.3889131295734        840.20974732694731        517.83798971587396        201.47549927689991        87.649309417063861        15.570380632663559        1.2971087882933232     
  -11.263157894736842        80.321472309133966        174.29630098081006        322.57701691136873        482.32709594448642        748.06114490983487        1070.5688182029648        1507.9530011249972        1818.5739160947803        1977.7207954299934        1958.4695712285898        1496.6960674007507        1353.5238740294526        1434.5098047362890        1372.2854274031572        981.91263070041509        594.12320758399142        275.67565073752064        129.72385700437485        34.697778729291727        3.7269660658155797     
  -10.789473684210527        82.559906915502154        178.49501462210611        354.09848794016341        537.55176000642814        792.42164963949767        1111.5101405436646        1522.7477515374590        1913.9511718029894        2077.2621842896401        2229.7226458034866        1842.2039724363869        1465.0789915259593        1471.0289416622873        1430.7264662681387        1149.8414098701835        666.34431037030458        372.98920061566554        172.03178999228513        66.892586015269458        10.162178298837679     
  -10.315789473684211        86.381890754086982        182.72799557918225        381.21742428363262        621.22299416467843        856.79540140665767        1181.6156757485085        1549.2744084246065        1993.2032295068893        2203.7318337510005        2541.0171161323638        2309.3461155385808        1711.6199815564485        1541.6886813235471        1486.5617210380547        1283.7139333468429        782.12405131538924        459.38911592530445        222.49973664314979        110.30886676320132        25.200943082091186     
  -9.8421052631578938        93.165427971956120        188.20174415826207        403.35424231313397        732.38180489917056        974.04452657265665        1282.2173147957915        1609.6879654965128        2045.6961174990538        2378.1430938850899        2838.1344179388884        3012.3351260464483        2213.9483817501077        1717.1262671354200        1566.5366234933406        1381.1503094276284        957.37896830218801        533.75754187290647        293.26983036736112        157.23428453755960        54.576537690869060     
  -9.3684210526315788        105.61218419641672        196.57018282384962        421.81581476266604        856.29692555928864        1197.1068200945988        1439.5467202477778        1734.0986812052286        2102.1919232049750        2555.1048380594239        3108.6032461899322        3971.7916393701789        3191.9736231985485        2149.1522850755669        1731.0758826852293        1482.6592111594312        1141.3246551643692        637.71231509664460        372.08117135758266        205.55590448631622        99.919926192672747     
  -8.8947368421052637        129.32937638571681        210.44382569935178        439.66087342861215        970.50367168663502        1570.6920624740960        1756.1908889987735        1961.1974054088410        2217.4555396854203        2690.0785681603688        3395.2278162200655        4956.9893355121831        5016.3420745424737        3194.4544262206964        2138.9829479993241        1665.0301083555889        1305.8789274305334        810.87214840947547        450.74485767808528        266.25870448957772        154.37963777431602     
  -8.4210526315789487        176.38064660178446        234.17504547464125        461.08783263877672        1063.3441817132200        2060.2025681873092        2433.9472503015350        2400.3887930374171        2482.6734109367612        2833.5500141103448        3691.6178781374765        5758.4170145131138        7744.9760545007657        5600.3179223666875        3204.1041015467699        2101.2349850797741        1526.2814808228734        1043.2239143000816        566.19320560915344        342.06467402089970        212.48443729953019     
  -7.9473684210526319        270.92218231964301        275.40479118548228        491.70023139519469        1138.3099337036381        2549.9585757751111        3669.4034870620007        3390.1440775375586        3073.4253681101231        3126.6455583042812        3968.2437241669109        6383.5936453606391        10663.573208042118        10382.415218930681        5952.1332122005388        3246.5271673893503        2014.9611541034585        1344.5003722740387        779.42526002071611        439.66534853340767        284.43769238348443     
  -7.4736842105263150        447.76601419408240        347.35530060869075        539.35241168804600        1206.9101268844997        2953.6579444322001        5353.1110890651898        5573.3908555015032        4442.6101754120546        3857.0212985878197        4356.9584516712830        6930.9391797321887        12983.351743823046        17468.556201495627        12408.282299104247        6321.2005553363579        3307.7268732906882        1924.8500194031292        1150.9456157245818        620.52933067409072        387.15191629617516     
  -7.0000000000000000        718.75993359579638        472.02640823157049        614.96228611748302        1283.1779006390700        3259.1563187367565        7055.5208841103304        9448.5650879462173        7711.1207590951217        5690.6943233046022        5265.3369811968932        7554.5076191484204        14571.600435164226        24799.609281536530        24563.784343363666        14177.747367210959        6830.6050806507856        3427.5590414741991        1874.9036758437726        1017.1619827819254        569.80618240235242     
