TABLE #  7     $G&N'93 Solar$     X=0.0000 Y=0.9900 Z=0.0100 dXc=0.0000 dXo=0.0000

                                                  log R

logT  -8.0   -7.5   -7.0   -6.5   -6.0   -5.5   -5.0   -4.5   -4.0   -3.5   -3.0   -2.5   -2.0   -1.5   -1.0   -0.5    0.0    0.5    1.0

3.75  9.999  9.999  9.999  9.999 -3.557 -3.635 -3.712 -3.789 -3.861 -3.905 -3.920 -3.908 -3.855 -3.727 -3.498 -3.199 -2.754 -2.289 -1.792
3.80  9.999  9.999  9.999  9.999 -3.571 -3.551 -3.552 -3.574 -3.613 -3.668 -3.715 -3.701 -3.594 -3.403 -3.160 -2.871 -2.602 -2.154 -1.684
3.85  9.999  9.999  9.999  9.999 -3.506 -3.501 -3.496 -3.490 -3.487 -3.479 -3.474 -3.450 -3.358 -3.154 -2.858 -2.534 -2.206 -1.923 -1.500
3.90  9.999  9.999  9.999  9.999 -3.105 -3.252 -3.352 -3.400 -3.411 -3.397 -3.343 -3.245 -3.093 -2.875 -2.587 -2.255 -1.905 -1.579 -1.214
3.95  9.999 -1.731 -1.974 -2.203 -2.420 -2.628 -2.818 -2.989 -3.117 -3.196 -3.203 -3.098 -2.893 -2.613 -2.294 -1.958 -1.613 -1.241 -0.946
4.00 -1.071 -1.206 -1.365 -1.553 -1.751 -1.957 -2.153 -2.339 -2.506 -2.641 -2.732 -2.734 -2.627 -2.394 -2.079 -1.728 -1.360 -1.002 -0.643
4.05 -0.994 -0.997 -1.033 -1.109 -1.225 -1.372 -1.524 -1.666 -1.791 -1.884 -1.948 -1.956 -1.910 -1.794 -1.608 -1.346 -1.027 -0.681 -0.328
4.10 -0.969 -0.965 -0.962 -0.962 -0.969 -0.991 -1.025 -1.067 -1.100 -1.118 -1.117 -1.094 -1.048 -0.971 -0.861 -0.710 -0.512 -0.264  0.042
4.15 -0.966 -0.953 -0.941 -0.928 -0.907 -0.862 -0.780 -0.674 -0.566 -0.476 -0.401 -0.330 -0.262 -0.182 -0.089  0.028  0.173  0.353  0.571
4.20 -0.970 -0.960 -0.945 -0.924 -0.893 -0.839 -0.733 -0.553 -0.319 -0.086  0.110  0.256  0.375  0.482  0.590  0.710  0.847  0.993  1.150
4.25 -0.965 -0.959 -0.948 -0.929 -0.896 -0.837 -0.727 -0.547 -0.285  0.035  0.354  0.623  0.828  0.987  1.132  1.271  1.402  1.534  1.687
4.30 -0.949 -0.947 -0.939 -0.925 -0.900 -0.848 -0.745 -0.566 -0.308  0.023  0.402  0.775  1.092  1.340  1.524  1.684  1.831  1.972  2.112
4.35 -0.879 -0.906 -0.915 -0.908 -0.889 -0.847 -0.759 -0.599 -0.350 -0.016  0.379  0.799  1.204  1.548  1.814  2.010  2.176  2.325  2.455
4.40 -0.708 -0.759 -0.809 -0.841 -0.846 -0.820 -0.751 -0.617 -0.397 -0.081  0.316  0.759  1.216  1.638  1.987  2.263  2.471  2.636  2.782
4.45 -0.662 -0.659 -0.665 -0.684 -0.706 -0.705 -0.661 -0.551 -0.362 -0.081  0.292  0.735  1.203  1.662  2.081  2.429  2.702  2.918  3.080
4.50 -0.650 -0.641 -0.626 -0.599 -0.556 -0.507 -0.446 -0.358 -0.207  0.022  0.334  0.733  1.187  1.665  2.130  2.538  2.880  3.154  3.341
4.55 -0.647 -0.634 -0.615 -0.583 -0.517 -0.397 -0.235 -0.069  0.103  0.302  0.546  0.859  1.243  1.691  2.164  2.621  3.021  3.333  3.562
4.60 -0.649 -0.637 -0.617 -0.583 -0.517 -0.390 -0.175  0.112  0.404  0.656  0.889  1.141  1.431  1.794  2.227  2.693  3.125  3.476  3.744
4.65 -0.645 -0.635 -0.618 -0.587 -0.526 -0.406 -0.197  0.120  0.520  0.910  1.230  1.488  1.733  2.014  2.370  2.798  3.226  3.600  3.904
4.70 -0.644 -0.632 -0.614 -0.586 -0.533 -0.425 -0.232  0.065  0.462  0.929  1.388  1.761  2.049  2.303  2.595  2.952  3.347  3.728  4.051
4.75 -0.643 -0.632 -0.610 -0.585 -0.537 -0.442 -0.270  0.002  0.369  0.821  1.330  1.831  2.249  2.571  2.860  3.165  3.505  3.862  4.190
4.80 -0.645 -0.629 -0.610 -0.584 -0.538 -0.450 -0.294 -0.044  0.299  0.721  1.207  1.740  2.266  2.712  3.067  3.378  3.687  4.013  4.332
4.85 -0.645 -0.631 -0.611 -0.583 -0.539 -0.458 -0.313 -0.078  0.246  0.645  1.109  1.623  2.176  2.708  3.160  3.534  3.858  4.170  4.472
4.90 -0.636 -0.623 -0.604 -0.576 -0.531 -0.453 -0.317 -0.097  0.215  0.604  1.051  1.553  2.097  2.648  3.164  3.609  3.980  4.305  4.596
4.95 -0.618 -0.605 -0.585 -0.557 -0.513 -0.439 -0.309 -0.099  0.203  0.591  1.033  1.524  2.055  2.601  3.141  3.633  4.053  4.403  4.701
5.00 -0.577 -0.570 -0.556 -0.529 -0.484 -0.411 -0.289 -0.090  0.208  0.596  1.038  1.525  2.052  2.587  3.134  3.646  4.096  4.468  4.759
5.05 -0.513 -0.503 -0.490 -0.468 -0.428 -0.356 -0.234 -0.043  0.247  0.629  1.068  1.555  2.079  2.609  3.151  3.666  4.126  4.502  4.781
5.10 -0.450 -0.433 -0.414 -0.386 -0.343 -0.273 -0.155  0.026  0.290  0.655  1.097  1.590  2.105  2.645  3.184  3.693  4.142  4.502  4.760
5.15 -0.419 -0.384 -0.348 -0.306 -0.251 -0.167 -0.043  0.135  0.388  0.735  1.161  1.645  2.150  2.684  3.213  3.703  4.128  4.459  4.691
5.20 -0.428 -0.384 -0.332 -0.272 -0.195 -0.088  0.062  0.261  0.515  0.844  1.246  1.714  2.205  2.714  3.213  3.670  4.064  4.366  4.584
5.25 -0.481 -0.429 -0.368 -0.294 -0.200 -0.072  0.104  0.329  0.597  0.914  1.305  1.755  2.227  2.705  3.162  3.581  3.948  4.230  4.450
5.30 -0.543 -0.490 -0.425 -0.346 -0.243 -0.101  0.095  0.346  0.640  0.970  1.348  1.772  2.213  2.652  3.065  3.449  3.796  4.072  4.298
5.35 -0.609 -0.567 -0.509 -0.430 -0.326 -0.182  0.024  0.296  0.616  0.963  1.340  1.747  2.158  2.563  2.939  3.297  3.630  3.907  4.143
5.40 -0.653 -0.624 -0.580 -0.515 -0.420 -0.284 -0.080  0.206  0.552  0.922  1.303  1.692  2.079  2.455  2.803  3.142  3.464  3.747  3.991
5.45 -0.678 -0.663 -0.633 -0.583 -0.503 -0.376 -0.178  0.111  0.472  0.858  1.245  1.623  1.991  2.342  2.669  2.993  3.305  3.597  3.841
5.50 -0.688 -0.681 -0.665 -0.632 -0.571 -0.464 -0.283  0.001  0.370  0.774  1.173  1.549  1.901  2.233  2.542  2.854  3.159  3.457  3.702
5.55 -0.692 -0.689 -0.680 -0.662 -0.621 -0.537 -0.378 -0.113  0.262  0.682  1.096  1.472  1.813  2.130  2.426  2.726  3.027  3.327  3.570
5.60 -0.694 -0.692 -0.687 -0.675 -0.649 -0.591 -0.462 -0.221  0.142  0.578  1.010  1.394  1.732  2.038  2.322  2.612  2.908  3.206  3.446
5.65 -0.695 -0.692 -0.688 -0.680 -0.663 -0.623 -0.531 -0.334  0.003  0.441  0.900  1.309  1.653  1.954  2.232  2.511  2.803  3.093  3.332
5.70 -0.696 -0.694 -0.690 -0.683 -0.669 -0.638 -0.567 -0.416 -0.126  0.299  0.778  1.217  1.575  1.880  2.153  2.424  2.711  2.992  3.225
5.75 -0.696 -0.694 -0.691 -0.684 -0.672 -0.647 -0.590 -0.469 -0.230  0.168  0.657  1.118  1.497  1.808  2.081  2.345  2.627  2.898  3.120
5.80 -0.696 -0.694 -0.691 -0.685 -0.674 -0.651 -0.602 -0.500 -0.297  0.059  0.540  1.016  1.415  1.735  2.012  2.274  2.550  2.813  3.021
5.85 -0.696 -0.695 -0.692 -0.686 -0.676 -0.654 -0.610 -0.520 -0.340 -0.018  0.440  0.919  1.333  1.664  1.945  2.209  2.481  2.733  2.931
5.90 -0.696 -0.694 -0.692 -0.688 -0.678 -0.659 -0.618 -0.535 -0.372 -0.079  0.353  0.829  1.254  1.597  1.883  2.151  2.419  2.656  2.845
5.95 -0.695 -0.693 -0.690 -0.686 -0.677 -0.660 -0.623 -0.546 -0.395 -0.120  0.288  0.753  1.183  1.537  1.831  2.102  2.362  2.579  2.759
6.00 -0.694 -0.691 -0.688 -0.683 -0.674 -0.658 -0.625 -0.554 -0.412 -0.148  0.246  0.702  1.131  1.490  1.790  2.060  2.305  2.497  2.687
6.10 -0.696 -0.692 -0.685 -0.676 -0.664 -0.646 -0.615 -0.557 -0.435 -0.199  0.161  0.598  1.033  1.409  1.716  1.973  2.174  2.344  2.570
6.20 -0.699 -0.698 -0.694 -0.685 -0.669 -0.641 -0.600 -0.537 -0.425 -0.220  0.105  0.525  0.957  1.330  1.615  1.841  2.005  2.178  2.447
6.30 -0.700 -0.699 -0.698 -0.695 -0.688 -0.669 -0.624 -0.542 -0.409 -0.204  0.099  0.489  0.885  1.217  1.468  1.660  1.815  2.033  2.315
6.40 -0.701 -0.700 -0.699 -0.698 -0.695 -0.686 -0.663 -0.602 -0.461 -0.222  0.090  0.448  0.782  1.051  1.271  1.453  1.630  1.892  2.190
6.50 -0.702 -0.701 -0.701 -0.700 -0.698 -0.693 -0.680 -0.643 -0.544 -0.330 -0.006  0.329  0.615  0.848  1.052  1.242  1.465  1.758  2.060
6.60 -0.702 -0.702 -0.702 -0.701 -0.700 -0.697 -0.688 -0.662 -0.595 -0.441 -0.168  0.146  0.417  0.641  0.836  1.046  1.315  1.629  1.931
6.70 -0.703 -0.703 -0.703 -0.703 -0.702 -0.700 -0.693 -0.675 -0.627 -0.516 -0.307 -0.038  0.218  0.438  0.641  0.879  1.177  1.502  1.802
6.80 -0.705 -0.704 -0.704 -0.704 -0.704 -0.702 -0.697 -0.684 -0.650 -0.570 -0.413 -0.195  0.035  0.249  0.466  0.738  1.054  1.385  1.673
6.90 -0.706 -0.706 -0.706 -0.706 -0.705 -0.704 -0.700 -0.690 -0.665 -0.606 -0.490 -0.314 -0.108  0.094  0.337  0.624  0.945  1.268  1.535
7.00 -0.708 -0.708 -0.708 -0.708 -0.707 -0.706 -0.702 -0.692 -0.672 -0.627 -0.538 -0.397 -0.221 -0.013  0.245  0.529  0.846  1.151  1.401
7.10 -0.711 -0.711 -0.711 -0.710 -0.710 -0.709 -0.705 -0.695 -0.673 -0.631 -0.555 -0.437 -0.281 -0.077  0.163  0.435  0.741  1.036  1.249
7.20 -0.714 -0.714 -0.714 -0.714 -0.714 -0.713 -0.710 -0.701 -0.680 -0.636 -0.562 -0.456 -0.319 -0.135  0.075  0.338  0.635  0.900
7.30 -0.718 -0.718 -0.718 -0.718 -0.718 -0.717 -0.715 -0.709 -0.693 -0.655 -0.584 -0.487 -0.363 -0.209 -0.015  0.240  0.522
7.40 -0.723 -0.723 -0.723 -0.723 -0.723 -0.722 -0.721 -0.717 -0.706 -0.677 -0.620 -0.537 -0.424 -0.287 -0.102  0.148  0.416
7.50 -0.729 -0.729 -0.729 -0.729 -0.729 -0.729 -0.728 -0.725 -0.717 -0.695 -0.655 -0.587 -0.486 -0.359 -0.181  0.053
7.60 -0.736 -0.736 -0.736 -0.737 -0.737 -0.736 -0.736 -0.734 -0.727 -0.712 -0.685 -0.626 -0.540 -0.422 -0.255 -0.037
7.70 -0.746 -0.746 -0.746 -0.746 -0.746 -0.746 -0.745 -0.744 -0.739 -0.728 -0.707 -0.657 -0.585 -0.480 -0.326 -0.127
7.80 -0.757 -0.757 -0.757 -0.757 -0.758 -0.758 -0.757 -0.756 -0.752 -0.746 -0.726 -0.685 -0.625 -0.536 -0.398 -0.226
7.90 -0.772 -0.772 -0.772 -0.772 -0.772 -0.773 -0.772 -0.771 -0.768 -0.765 -0.745 -0.714 -0.666 -0.593 -0.475
8.00 -0.788 -0.788 -0.788 -0.788 -0.788 -0.788 -0.788 -0.787 -0.786 -0.782 -0.766 -0.742 -0.707 -0.649 -0.551
8.10 -0.808 -0.808 -0.808 -0.808 -0.808 -0.808 -0.808 -0.807 -0.808 -0.802 -0.791 -0.775 -0.752 -0.709 -0.635
8.30 -0.861 -0.861 -0.861 -0.861 -0.862 -0.862 -0.861 -0.862 -0.862 -0.858 -0.855 -0.854 -0.856 -0.843 -0.826
8.50 -0.931 -0.931 -0.932 -0.932 -0.932 -0.932 -0.933 -0.932 -0.932 -0.932 -0.936 -0.951 -0.976 -0.984 -1.236
8.70 -0.668 -0.931 -1.004 -1.016 -1.017 -1.017 -1.018 -1.017 -1.018 -1.021 -1.033 -1.062 -1.113 -1.175
