TABLE #  6     $G&N'93 Solar$     X=0.0000 Y=0.9960 Z=0.0040 dXc=0.0000 dXo=0.0000

                                                  log R

logT  -8.0   -7.5   -7.0   -6.5   -6.0   -5.5   -5.0   -4.5   -4.0   -3.5   -3.0   -2.5   -2.0   -1.5   -1.0   -0.5    0.0    0.5    1.0

3.75  9.999  9.999  9.999  9.999  9.999 -3.945 -4.020 -4.094 -4.166 -4.229 -4.260 -4.257 -4.213 -4.114 -3.935 -3.664 -3.340 -2.875 -2.404
3.80  9.999  9.999  9.999  9.999  9.999 -3.928 -3.916 -3.921 -3.947 -3.985 -4.033 -4.056 -3.999 -3.845 -3.611 -3.342 -3.026 -2.716 -2.266
3.85  9.999  9.999  9.999  9.999  9.999 -3.844 -3.850 -3.852 -3.849 -3.846 -3.832 -3.810 -3.748 -3.603 -3.350 -3.030 -2.690 -2.374 -2.028
3.90  9.999  9.999  9.999  9.999 -3.146 -3.359 -3.526 -3.647 -3.720 -3.746 -3.732 -3.658 -3.525 -3.328 -3.070 -2.755 -2.405 -2.043 -1.747
3.95  9.999 -1.744 -1.985 -2.218 -2.442 -2.660 -2.867 -3.063 -3.232 -3.376 -3.458 -3.461 -3.334 -3.100 -2.793 -2.458 -2.112 -1.758 -1.379
4.00 -1.075 -1.212 -1.373 -1.564 -1.767 -1.978 -2.181 -2.375 -2.553 -2.707 -2.827 -2.887 -2.860 -2.733 -2.502 -2.198 -1.854 -1.489 -1.130
4.05 -1.000 -1.003 -1.041 -1.120 -1.239 -1.392 -1.550 -1.699 -1.830 -1.932 -2.005 -2.034 -2.016 -1.945 -1.820 -1.639 -1.404 -1.113 -0.786
4.10 -0.977 -0.975 -0.973 -0.975 -0.985 -1.011 -1.051 -1.101 -1.142 -1.168 -1.175 -1.162 -1.129 -1.070 -0.984 -0.869 -0.721 -0.539 -0.308
4.15 -0.975 -0.966 -0.957 -0.947 -0.928 -0.887 -0.811 -0.712 -0.613 -0.531 -0.464 -0.402 -0.344 -0.276 -0.200 -0.103  0.015  0.159  0.331
4.20 -0.979 -0.972 -0.960 -0.944 -0.918 -0.870 -0.770 -0.597 -0.371 -0.147  0.040  0.177  0.286  0.381  0.473  0.574  0.691  0.816  0.946
4.25 -0.976 -0.973 -0.964 -0.950 -0.923 -0.872 -0.772 -0.601 -0.347 -0.034  0.278  0.540  0.734  0.877  1.004  1.122  1.234  1.348  1.480
4.30 -0.964 -0.963 -0.958 -0.948 -0.927 -0.883 -0.791 -0.625 -0.380 -0.056  0.320  0.689  0.999  1.234  1.403  1.542  1.666  1.786  1.908
4.35 -0.895 -0.926 -0.937 -0.935 -0.920 -0.884 -0.807 -0.660 -0.428 -0.105  0.285  0.703  1.106  1.441  1.693  1.874  2.023  2.154  2.270
4.40 -0.723 -0.778 -0.833 -0.871 -0.882 -0.862 -0.801 -0.680 -0.474 -0.172  0.217  0.657  1.111  1.525  1.865  2.132  2.325  2.490  2.637
4.45 -0.675 -0.676 -0.686 -0.711 -0.740 -0.749 -0.714 -0.616 -0.440 -0.172  0.191  0.627  1.086  1.539  1.956  2.300  2.569  2.794  2.953
4.50 -0.665 -0.659 -0.648 -0.625 -0.587 -0.545 -0.495 -0.417 -0.275 -0.054  0.246  0.632  1.072  1.539  2.001  2.413  2.763  3.047  3.234
4.55 -0.663 -0.654 -0.639 -0.611 -0.549 -0.432 -0.275 -0.117  0.047  0.240  0.478  0.778  1.140  1.571  2.038  2.503  2.916  3.237  3.472
4.60 -0.665 -0.656 -0.641 -0.612 -0.553 -0.432 -0.218  0.069  0.361  0.611  0.839  1.082  1.352  1.693  2.114  2.584  3.027  3.389  3.668
4.65 -0.662 -0.655 -0.642 -0.617 -0.563 -0.452 -0.250  0.068  0.475  0.871  1.191  1.443  1.675  1.938  2.278  2.701  3.138  3.523  3.838
4.70 -0.661 -0.652 -0.640 -0.617 -0.571 -0.471 -0.288  0.003  0.402  0.881  1.351  1.725  2.007  2.249  2.529  2.877  3.271  3.660  3.995
4.75 -0.660 -0.651 -0.636 -0.616 -0.575 -0.489 -0.328 -0.066  0.296  0.752  1.275  1.790  2.212  2.531  2.811  3.107  3.443  3.805  4.145
4.80 -0.661 -0.649 -0.635 -0.615 -0.577 -0.499 -0.355 -0.118  0.218  0.638  1.132  1.680  2.221  2.675  3.031  3.338  3.643  3.970  4.297
4.85 -0.661 -0.650 -0.635 -0.613 -0.576 -0.506 -0.376 -0.157  0.156  0.554  1.023  1.546  2.117  2.664  3.125  3.503  3.828  4.140  4.449
4.90 -0.656 -0.645 -0.629 -0.606 -0.570 -0.503 -0.382 -0.179  0.121  0.509  0.963  1.472  2.029  2.595  3.126  3.582  3.958  4.286  4.582
4.95 -0.645 -0.635 -0.618 -0.591 -0.552 -0.488 -0.374 -0.182  0.105  0.491  0.939  1.440  1.983  2.543  3.100  3.605  4.034  4.391  4.694
5.00 -0.618 -0.613 -0.600 -0.574 -0.531 -0.465 -0.355 -0.172  0.110  0.495  0.943  1.443  1.981  2.530  3.092  3.617  4.079  4.459  4.755
5.05 -0.573 -0.566 -0.554 -0.534 -0.493 -0.424 -0.312 -0.133  0.146  0.525  0.973  1.473  2.008  2.557  3.113  3.640  4.111  4.495  4.778
5.10 -0.529 -0.516 -0.502 -0.477 -0.436 -0.366 -0.252 -0.077  0.186  0.558  1.010  1.516  2.044  2.599  3.151  3.671  4.129  4.496  4.758
5.15 -0.504 -0.481 -0.454 -0.420 -0.371 -0.292 -0.170  0.009  0.269  0.632  1.075  1.574  2.093  2.641  3.182  3.683  4.117  4.454  4.689
5.20 -0.509 -0.477 -0.439 -0.394 -0.332 -0.237 -0.093  0.106  0.371  0.722  1.149  1.636  2.142  2.664  3.177  3.648  4.052  4.360  4.581
5.25 -0.549 -0.511 -0.468 -0.413 -0.338 -0.230 -0.068  0.154  0.432  0.774  1.193  1.662  2.148  2.638  3.112  3.551  3.932  4.222  4.445
5.30 -0.591 -0.553 -0.504 -0.445 -0.366 -0.251 -0.076  0.165  0.463  0.810  1.213  1.655  2.107  2.559  2.995  3.407  3.774  4.060  4.292
5.35 -0.639 -0.610 -0.568 -0.510 -0.429 -0.312 -0.134  0.121  0.437  0.791  1.184  1.604  2.025  2.442  2.849  3.243  3.601  3.892  4.134
5.40 -0.668 -0.649 -0.618 -0.571 -0.499 -0.388 -0.213  0.048  0.380  0.746  1.129  1.526  1.920  2.310  2.694  3.075  3.427  3.728  3.980
5.45 -0.685 -0.675 -0.655 -0.620 -0.560 -0.459 -0.290 -0.031  0.306  0.679  1.059  1.437  1.810  2.178  2.543  2.914  3.261  3.572  3.827
5.50 -0.690 -0.686 -0.676 -0.654 -0.610 -0.527 -0.376 -0.126  0.213  0.595  0.976  1.345  1.701  2.051  2.402  2.764  3.106  3.427  3.685
5.55 -0.693 -0.691 -0.686 -0.673 -0.644 -0.582 -0.454 -0.228  0.108  0.499  0.889  1.253  1.597  1.934  2.273  2.625  2.965  3.290  3.549
5.60 -0.695 -0.694 -0.690 -0.682 -0.662 -0.619 -0.519 -0.323 -0.009  0.388  0.795  1.165  1.503  1.830  2.158  2.499  2.837  3.162  3.420
5.65 -0.696 -0.694 -0.691 -0.685 -0.672 -0.641 -0.569 -0.413 -0.135  0.251  0.679  1.071  1.415  1.737  2.056  2.386  2.722  3.042  3.299
5.70 -0.697 -0.695 -0.692 -0.687 -0.676 -0.651 -0.595 -0.474 -0.241  0.121  0.557  0.973  1.331  1.654  1.967  2.285  2.618  2.932  3.184
5.75 -0.697 -0.696 -0.693 -0.688 -0.679 -0.659 -0.612 -0.515 -0.323  0.008  0.444  0.874  1.248  1.575  1.884  2.195  2.523  2.829  3.074
5.80 -0.697 -0.696 -0.694 -0.690 -0.681 -0.662 -0.623 -0.540 -0.375 -0.080  0.340  0.777  1.163  1.496  1.805  2.112  2.436  2.734  2.966
5.85 -0.697 -0.696 -0.695 -0.691 -0.683 -0.666 -0.630 -0.558 -0.412 -0.144  0.253  0.686  1.081  1.421  1.732  2.039  2.356  2.643  2.865
5.90 -0.697 -0.696 -0.695 -0.692 -0.685 -0.671 -0.639 -0.572 -0.441 -0.198  0.175  0.603  1.005  1.353  1.667  1.974  2.282  2.555  2.768
5.95 -0.696 -0.695 -0.693 -0.690 -0.684 -0.671 -0.643 -0.584 -0.463 -0.238  0.114  0.531  0.938  1.295  1.612  1.917  2.212  2.466  2.676
6.00 -0.695 -0.693 -0.691 -0.687 -0.681 -0.670 -0.645 -0.592 -0.481 -0.267  0.069  0.479  0.886  1.249  1.567  1.864  2.142  2.374  2.600
6.10 -0.697 -0.694 -0.690 -0.682 -0.673 -0.659 -0.636 -0.593 -0.503 -0.320 -0.016  0.381  0.795  1.168  1.479  1.748  1.987  2.199  2.479
6.20 -0.699 -0.699 -0.696 -0.691 -0.679 -0.659 -0.627 -0.577 -0.490 -0.330 -0.060  0.315  0.719  1.074  1.349  1.593  1.807  2.036  2.364
6.30 -0.700 -0.700 -0.699 -0.697 -0.693 -0.680 -0.651 -0.592 -0.488 -0.319 -0.061  0.279  0.633  0.935  1.184  1.411  1.621  1.907  2.244
6.40 -0.701 -0.701 -0.700 -0.699 -0.697 -0.692 -0.677 -0.638 -0.544 -0.362 -0.099  0.209  0.503  0.754  0.989  1.218  1.455  1.788  2.132
6.50 -0.702 -0.701 -0.701 -0.701 -0.699 -0.696 -0.688 -0.665 -0.604 -0.459 -0.212  0.069  0.327  0.560  0.793  1.028  1.320  1.674  2.014
6.60 -0.702 -0.702 -0.702 -0.702 -0.701 -0.699 -0.693 -0.677 -0.636 -0.536 -0.345 -0.095  0.149  0.380  0.601  0.863  1.199  1.563  1.893
6.70 -0.703 -0.703 -0.703 -0.703 -0.703 -0.701 -0.697 -0.685 -0.654 -0.584 -0.442 -0.236 -0.010  0.214  0.445  0.733  1.088  1.451  1.771
6.80 -0.705 -0.705 -0.705 -0.704 -0.704 -0.703 -0.700 -0.691 -0.669 -0.616 -0.510 -0.345 -0.146  0.068  0.308  0.625  0.985  1.342  1.648
6.90 -0.706 -0.706 -0.706 -0.706 -0.706 -0.705 -0.702 -0.695 -0.678 -0.637 -0.556 -0.423 -0.247 -0.047  0.211  0.533  0.889  1.232  1.513
7.00 -0.708 -0.708 -0.708 -0.708 -0.708 -0.707 -0.704 -0.697 -0.683 -0.650 -0.585 -0.475 -0.323 -0.127  0.139  0.451  0.796  1.121  1.381
7.10 -0.711 -0.711 -0.711 -0.711 -0.710 -0.710 -0.707 -0.700 -0.685 -0.655 -0.598 -0.504 -0.369 -0.178  0.070  0.368  0.699  1.010  1.231
7.20 -0.714 -0.714 -0.714 -0.714 -0.714 -0.713 -0.711 -0.706 -0.692 -0.662 -0.607 -0.523 -0.404 -0.226 -0.001  0.284  0.602  0.879
7.30 -0.718 -0.718 -0.718 -0.718 -0.718 -0.718 -0.716 -0.712 -0.701 -0.676 -0.625 -0.550 -0.440 -0.283 -0.073  0.200  0.495
7.40 -0.723 -0.723 -0.723 -0.723 -0.723 -0.723 -0.722 -0.719 -0.711 -0.690 -0.650 -0.586 -0.482 -0.341 -0.143  0.117  0.394
7.50 -0.729 -0.729 -0.729 -0.729 -0.729 -0.729 -0.728 -0.726 -0.720 -0.703 -0.674 -0.619 -0.525 -0.395 -0.211  0.029
7.60 -0.736 -0.736 -0.736 -0.737 -0.737 -0.737 -0.736 -0.734 -0.729 -0.716 -0.695 -0.645 -0.564 -0.447 -0.277 -0.056
7.70 -0.746 -0.746 -0.746 -0.746 -0.746 -0.746 -0.746 -0.744 -0.740 -0.730 -0.714 -0.668 -0.600 -0.497 -0.343 -0.143
7.80 -0.757 -0.757 -0.757 -0.757 -0.757 -0.758 -0.758 -0.756 -0.753 -0.748 -0.730 -0.692 -0.635 -0.548 -0.411 -0.239
7.90 -0.772 -0.772 -0.772 -0.772 -0.772 -0.773 -0.773 -0.771 -0.769 -0.766 -0.748 -0.719 -0.673 -0.602 -0.486
8.00 -0.788 -0.788 -0.788 -0.788 -0.788 -0.788 -0.788 -0.787 -0.786 -0.783 -0.767 -0.746 -0.712 -0.657 -0.560
8.10 -0.808 -0.808 -0.808 -0.808 -0.808 -0.808 -0.808 -0.807 -0.809 -0.803 -0.792 -0.777 -0.756 -0.716 -0.643
8.30 -0.861 -0.861 -0.861 -0.861 -0.861 -0.862 -0.861 -0.863 -0.862 -0.858 -0.855 -0.855 -0.859 -0.849 -0.833
8.50 -0.931 -0.931 -0.932 -0.932 -0.932 -0.932 -0.933 -0.932 -0.932 -0.932 -0.937 -0.952 -0.979 -0.988 -1.240
8.70 -0.668 -0.931 -1.004 -1.016 -1.017 -1.017 -1.018 -1.017 -1.018 -1.021 -1.033 -1.063 -1.115 -1.178
